PopName,Sex,Year,Age,mx,qx,ax,lx,dx,Lx,Tx,ex
ID,b,1941-1949,0,0.03343,0.03250,0.14,100000,3250,97208,6778356,67.78
ID,b,1941-1949,1,0.00362,0.00361,0.5,96750,350,96575,6681147,69.06
ID,b,1941-1949,2,0.00186,0.00186,0.5,96400,180,96311,6584572,68.30
ID,b,1941-1949,3,0.00139,0.00139,0.5,96221,134,96154,6488261,67.43
ID,b,1941-1949,4,0.00132,0.00132,0.5,96087,127,96024,6392107,66.52
ID,b,1941-1949,5,0.00116,0.00116,0.5,95961,112,95905,6296084,65.61
ID,b,1941-1949,6,0.00102,0.00102,0.5,95849,98,95800,6200179,64.69
ID,b,1941-1949,7,0.00092,0.00092,0.5,95751,88,95707,6104379,63.75
ID,b,1941-1949,8,0.00084,0.00084,0.5,95663,81,95622,6008672,62.81
ID,b,1941-1949,9,0.00079,0.00079,0.5,95582,76,95544,5913050,61.86
ID,b,1941-1949,10,0.00078,0.00078,0.5,95506,75,95469,5817505,60.91
ID,b,1941-1949,11,0.00082,0.00082,0.5,95432,78,95393,5722037,59.96
ID,b,1941-1949,12,0.00091,0.00091,0.5,95353,87,95310,5626644,59.01
ID,b,1941-1949,13,0.00107,0.00107,0.5,95266,101,95216,5531334,58.06
ID,b,1941-1949,14,0.00128,0.00128,0.5,95165,122,95104,5436119,57.12
ID,b,1941-1949,15,0.00153,0.00153,0.5,95043,146,94971,5341014,56.20
ID,b,1941-1949,16,0.00176,0.00175,0.5,94898,166,94814,5246044,55.28
ID,b,1941-1949,17,0.00192,0.00192,0.5,94731,182,94640,5151229,54.38
ID,b,1941-1949,18,0.00204,0.00204,0.5,94549,193,94453,5056589,53.48
ID,b,1941-1949,19,0.00211,0.00211,0.5,94356,199,94257,4962137,52.59
ID,b,1941-1949,20,0.00213,0.00213,0.5,94157,201,94057,4867880,51.70
ID,b,1941-1949,21,0.00214,0.00213,0.5,93957,200,93856,4773823,50.81
ID,b,1941-1949,22,0.00212,0.00212,0.5,93756,199,93657,4679967,49.92
ID,b,1941-1949,23,0.00210,0.00209,0.5,93557,196,93459,4586310,49.02
ID,b,1941-1949,24,0.00205,0.00205,0.5,93361,192,93266,4492851,48.12
ID,b,1941-1949,25,0.00200,0.00200,0.5,93170,186,93077,4399586,47.22
ID,b,1941-1949,26,0.00196,0.00196,0.5,92984,182,92893,4306509,46.31
ID,b,1941-1949,27,0.00193,0.00193,0.5,92802,179,92712,4213616,45.40
ID,b,1941-1949,28,0.00192,0.00192,0.5,92623,178,92534,4120904,44.49
ID,b,1941-1949,29,0.00193,0.00193,0.5,92445,179,92356,4028370,43.58
ID,b,1941-1949,30,0.00196,0.00196,0.5,92266,181,92176,3936014,42.66
ID,b,1941-1949,31,0.00201,0.00201,0.5,92085,185,91993,3843839,41.74
ID,b,1941-1949,32,0.00208,0.00208,0.5,91900,191,91805,3751846,40.83
ID,b,1941-1949,33,0.00218,0.00217,0.5,91709,199,91609,3660041,39.91
ID,b,1941-1949,34,0.00231,0.00230,0.5,91510,211,91404,3568432,39.00
ID,b,1941-1949,35,0.00247,0.00247,0.5,91299,225,91186,3477028,38.08
ID,b,1941-1949,36,0.00265,0.00265,0.5,91074,241,90953,3385842,37.18
ID,b,1941-1949,37,0.00285,0.00284,0.5,90833,258,90704,3294888,36.27
ID,b,1941-1949,38,0.00308,0.00307,0.5,90574,278,90435,3204185,35.38
ID,b,1941-1949,39,0.00334,0.00333,0.5,90296,301,90146,3113750,34.48
ID,b,1941-1949,40,0.00360,0.00359,0.5,89995,323,89834,3023604,33.60
ID,b,1941-1949,41,0.00385,0.00385,0.5,89672,345,89499,2933770,32.72
ID,b,1941-1949,42,0.00415,0.00414,0.5,89327,370,89142,2844271,31.84
ID,b,1941-1949,43,0.00446,0.00445,0.5,88957,396,88759,2755129,30.97
ID,b,1941-1949,44,0.00473,0.00472,0.5,88561,418,88352,2666370,30.11
ID,b,1941-1949,45,0.00504,0.00503,0.5,88143,443,87921,2578018,29.25
ID,b,1941-1949,46,0.00540,0.00538,0.5,87700,472,87464,2490097,28.39
ID,b,1941-1949,47,0.00582,0.00581,0.5,87228,506,86974,2402633,27.54
ID,b,1941-1949,48,0.00635,0.00633,0.5,86721,549,86447,2315658,26.70
ID,b,1941-1949,49,0.00701,0.00699,0.5,86173,602,85872,2229211,25.87
ID,b,1941-1949,50,0.00779,0.00776,0.5,85571,664,85239,2143340,25.05
ID,b,1941-1949,51,0.00849,0.00845,0.5,84907,718,84548,2058101,24.24
ID,b,1941-1949,52,0.00918,0.00914,0.5,84189,769,83804,1973554,23.44
ID,b,1941-1949,53,0.00990,0.00985,0.5,83419,822,83008,1889750,22.65
ID,b,1941-1949,54,0.01056,0.01051,0.5,82598,868,82164,1806741,21.87
ID,b,1941-1949,55,0.01122,0.01116,0.5,81730,912,81273,1724578,21.10
ID,b,1941-1949,56,0.01199,0.01192,0.5,80817,964,80336,1643304,20.33
ID,b,1941-1949,57,0.01295,0.01287,0.5,79854,1028,79340,1562969,19.57
ID,b,1941-1949,58,0.01411,0.01402,0.5,78826,1105,78274,1483629,18.82
ID,b,1941-1949,59,0.01544,0.01532,0.5,77722,1191,77126,1405355,18.08
ID,b,1941-1949,60,0.01695,0.01681,0.5,76531,1286,75888,1328229,17.36
ID,b,1941-1949,61,0.01843,0.01826,0.5,75245,1374,74558,1252341,16.64
ID,b,1941-1949,62,0.02001,0.01981,0.5,73871,1464,73139,1177783,15.94
ID,b,1941-1949,63,0.02181,0.02157,0.5,72407,1562,71626,1104645,15.26
ID,b,1941-1949,64,0.02378,0.02350,0.5,70845,1665,70013,1033019,14.58
ID,b,1941-1949,65,0.02611,0.02577,0.5,69180,1783,68289,963006,13.92
ID,b,1941-1949,66,0.02855,0.02814,0.5,67397,1897,66449,894717,13.28
ID,b,1941-1949,67,0.03116,0.03068,0.5,65501,2009,64496,828268,12.65
ID,b,1941-1949,68,0.03423,0.03366,0.5,63491,2137,62423,763772,12.03
ID,b,1941-1949,69,0.03763,0.03693,0.5,61354,2266,60221,701350,11.43
ID,b,1941-1949,70,0.04140,0.04056,0.5,59088,2397,57890,641129,10.85
ID,b,1941-1949,71,0.04540,0.04439,0.5,56691,2517,55433,583239,10.29
ID,b,1941-1949,72,0.05032,0.04908,0.5,54175,2659,52845,527806,9.74
ID,b,1941-1949,73,0.05625,0.05471,0.5,51516,2818,50106,474960,9.22
ID,b,1941-1949,74,0.06223,0.06035,0.5,48697,2939,47228,424854,8.72
ID,b,1941-1949,75,0.06871,0.06643,0.5,45758,3040,44239,377626,8.25
ID,b,1941-1949,76,0.07552,0.07277,0.5,42719,3109,41164,333387,7.80
ID,b,1941-1949,77,0.08248,0.07922,0.5,39610,3138,38041,292223,7.38
ID,b,1941-1949,78,0.09051,0.08659,0.5,36472,3158,34893,254182,6.97
ID,b,1941-1949,79,0.09849,0.09387,0.5,33314,3127,31751,219288,6.58
ID,b,1941-1949,80,0.10458,0.09939,0.5,30187,3000,28687,187538,6.21
ID,b,1941-1949,81,0.11463,0.10842,0.5,27187,2948,25713,158851,5.84
ID,b,1941-1949,82,0.12553,0.11812,0.5,24239,2863,22808,133138,5.49
ID,b,1941-1949,83,0.13733,0.12850,0.5,21376,2747,20003,110330,5.16
ID,b,1941-1949,84,0.15006,0.13959,0.5,18629,2600,17329,90327,4.85
ID,b,1941-1949,85,0.16378,0.15138,0.5,16029,2426,14816,72998,4.55
ID,b,1941-1949,86,0.17851,0.16388,0.5,13602,2229,12488,58183,4.28
ID,b,1941-1949,87,0.19429,0.17709,0.5,11373,2014,10366,45695,4.02
ID,b,1941-1949,88,0.21114,0.19098,0.5,9359,1787,8465,35329,3.77
ID,b,1941-1949,89,0.22906,0.20552,0.5,7572,1556,6794,26864,3.55
ID,b,1941-1949,90,0.24806,0.22069,0.5,6016,1328,5352,20070,3.34
ID,b,1941-1949,91,0.26812,0.23643,0.5,4688,1108,4134,14718,3.14
ID,b,1941-1949,92,0.28922,0.25268,0.5,3580,905,3127,10584,2.96
ID,b,1941-1949,93,0.31131,0.26938,0.5,2675,721,2315,7457,2.79
ID,b,1941-1949,94,0.33434,0.28645,0.5,1954,560,1675,5142,2.63
ID,b,1941-1949,95,0.35821,0.30380,0.5,1395,424,1183,3468,2.49
ID,b,1941-1949,96,0.38284,0.32133,0.5,971,312,815,2285,2.35
ID,b,1941-1949,97,0.40813,0.33896,0.5,659,223,547,1470,2.23
ID,b,1941-1949,98,0.43395,0.35658,0.5,436,155,358,923,2.12
ID,b,1941-1949,99,0.46015,0.37409,0.5,280,105,228,565,2.02
ID,b,1941-1949,100,0.48661,0.39139,0.5,175,69,141,337,1.92
ID,b,1941-1949,101,0.51318,0.40839,0.5,107,44,85,196,1.83
ID,b,1941-1949,102,0.53969,0.42500,0.5,63,27,50,111,1.76
ID,b,1941-1949,103,0.56600,0.44115,0.5,36,16,28,61,1.68
ID,b,1941-1949,104,0.59196,0.45677,0.5,20,9,16,33,1.62
ID,b,1941-1949,105,0.61743,0.47179,0.5,11,5,8,17,1.56
ID,b,1941-1949,106,0.64230,0.48617,0.5,6,3,4,9,1.51
ID,b,1941-1949,107,0.66643,0.49987,0.5,3,1,2,4,1.46
ID,b,1941-1949,108,0.68974,0.51286,0.5,1,1,1,2,1.42
ID,b,1941-1949,109,0.71213,0.52514,0.5,1,0,1,1,1.38
ID,b,1941-1949,110+,0.73354,1.00000,1.36,0,0,0,0,1.36
ID,b,1950-1959,0,0.02468,0.02415,0.12,100000,2415,97868,7043925,70.44
ID,b,1950-1959,1,0.00211,0.00210,0.5,97585,205,97482,6946057,71.18
ID,b,1950-1959,2,0.00134,0.00134,0.5,97380,130,97315,6848574,70.33
ID,b,1950-1959,3,0.00105,0.00105,0.5,97250,102,97199,6751260,69.42
ID,b,1950-1959,4,0.00085,0.00085,0.5,97148,82,97107,6654061,68.49
ID,b,1950-1959,5,0.00071,0.00071,0.5,97066,69,97031,6556954,67.55
ID,b,1950-1959,6,0.00068,0.00068,0.5,96996,66,96963,6459923,66.60
ID,b,1950-1959,7,0.00060,0.00060,0.5,96931,58,96902,6362960,65.64
ID,b,1950-1959,8,0.00057,0.00057,0.5,96873,56,96845,6266058,64.68
ID,b,1950-1959,9,0.00055,0.00055,0.5,96817,53,96791,6169214,63.72
ID,b,1950-1959,10,0.00054,0.00054,0.5,96764,53,96738,6072423,62.75
ID,b,1950-1959,11,0.00060,0.00060,0.5,96711,58,96683,5975685,61.79
ID,b,1950-1959,12,0.00065,0.00065,0.5,96654,62,96623,5879003,60.83
ID,b,1950-1959,13,0.00073,0.00073,0.5,96591,70,96556,5782380,59.86
ID,b,1950-1959,14,0.00087,0.00087,0.5,96521,84,96479,5685824,58.91
ID,b,1950-1959,15,0.00101,0.00101,0.5,96437,97,96388,5589345,57.96
ID,b,1950-1959,16,0.00127,0.00127,0.5,96340,122,96279,5492956,57.02
ID,b,1950-1959,17,0.00148,0.00147,0.5,96218,142,96147,5396677,56.09
ID,b,1950-1959,18,0.00161,0.00161,0.5,96076,154,95999,5300531,55.17
ID,b,1950-1959,19,0.00157,0.00157,0.5,95922,150,95846,5204532,54.26
ID,b,1950-1959,20,0.00173,0.00173,0.5,95771,166,95688,5108686,53.34
ID,b,1950-1959,21,0.00172,0.00172,0.5,95605,164,95523,5012997,52.43
ID,b,1950-1959,22,0.00168,0.00168,0.5,95441,161,95361,4917474,51.52
ID,b,1950-1959,23,0.00168,0.00168,0.5,95281,160,95201,4822113,50.61
ID,b,1950-1959,24,0.00162,0.00162,0.5,95121,154,95044,4726912,49.69
ID,b,1950-1959,25,0.00156,0.00156,0.5,94967,148,94893,4631868,48.77
ID,b,1950-1959,26,0.00154,0.00154,0.5,94818,146,94746,4536976,47.85
ID,b,1950-1959,27,0.00153,0.00153,0.5,94673,145,94600,4442230,46.92
ID,b,1950-1959,28,0.00155,0.00155,0.5,94528,147,94455,4347630,45.99
ID,b,1950-1959,29,0.00161,0.00161,0.5,94381,152,94305,4253175,45.06
ID,b,1950-1959,30,0.00168,0.00168,0.5,94229,158,94150,4158870,44.14
ID,b,1950-1959,31,0.00175,0.00175,0.5,94071,165,93989,4064719,43.21
ID,b,1950-1959,32,0.00175,0.00175,0.5,93906,164,93824,3970731,42.28
ID,b,1950-1959,33,0.00181,0.00181,0.5,93742,170,93657,3876906,41.36
ID,b,1950-1959,34,0.00192,0.00192,0.5,93572,180,93483,3783249,40.43
ID,b,1950-1959,35,0.00190,0.00190,0.5,93393,178,93304,3689767,39.51
ID,b,1950-1959,36,0.00211,0.00211,0.5,93215,196,93117,3596463,38.58
ID,b,1950-1959,37,0.00221,0.00221,0.5,93019,205,92916,3503346,37.66
ID,b,1950-1959,38,0.00245,0.00245,0.5,92813,227,92699,3410430,36.75
ID,b,1950-1959,39,0.00265,0.00265,0.5,92586,245,92463,3317731,35.83
ID,b,1950-1959,40,0.00293,0.00292,0.5,92341,270,92206,3225268,34.93
ID,b,1950-1959,41,0.00323,0.00323,0.5,92071,297,91922,3133062,34.03
ID,b,1950-1959,42,0.00344,0.00344,0.5,91774,316,91616,3041140,33.14
ID,b,1950-1959,43,0.00374,0.00373,0.5,91458,341,91287,2949524,32.25
ID,b,1950-1959,44,0.00404,0.00403,0.5,91117,367,90933,2858237,31.37
ID,b,1950-1959,45,0.00420,0.00419,0.5,90750,380,90560,2767303,30.49
ID,b,1950-1959,46,0.00464,0.00463,0.5,90370,418,90160,2676744,29.62
ID,b,1950-1959,47,0.00500,0.00499,0.5,89951,449,89727,2586583,28.76
ID,b,1950-1959,48,0.00541,0.00540,0.5,89503,483,89261,2496856,27.90
ID,b,1950-1959,49,0.00589,0.00588,0.5,89019,523,88758,2407595,27.05
ID,b,1950-1959,50,0.00654,0.00651,0.5,88496,576,88208,2318838,26.20
ID,b,1950-1959,51,0.00724,0.00722,0.5,87920,634,87603,2230630,25.37
ID,b,1950-1959,52,0.00807,0.00804,0.5,87285,702,86934,2143027,24.55
ID,b,1950-1959,53,0.00859,0.00855,0.5,86583,740,86213,2056092,23.75
ID,b,1950-1959,54,0.00926,0.00922,0.5,85843,791,85448,1969879,22.95
ID,b,1950-1959,55,0.01014,0.01008,0.5,85052,858,84623,1884431,22.16
ID,b,1950-1959,56,0.01096,0.01090,0.5,84194,918,83736,1799808,21.38
ID,b,1950-1959,57,0.01180,0.01173,0.5,83277,977,82788,1716073,20.61
ID,b,1950-1959,58,0.01309,0.01301,0.5,82300,1071,81764,1633284,19.85
ID,b,1950-1959,59,0.01399,0.01390,0.5,81229,1129,80665,1551520,19.10
ID,b,1950-1959,60,0.01516,0.01505,0.5,80100,1206,79498,1470855,18.36
ID,b,1950-1959,61,0.01680,0.01666,0.5,78895,1314,78238,1391358,17.64
ID,b,1950-1959,62,0.01817,0.01801,0.5,77580,1397,76882,1313120,16.93
ID,b,1950-1959,63,0.01983,0.01963,0.5,76183,1496,75435,1236238,16.23
ID,b,1950-1959,64,0.02138,0.02115,0.5,74687,1580,73897,1160803,15.54
ID,b,1950-1959,65,0.02396,0.02367,0.5,73108,1731,72242,1086905,14.87
ID,b,1950-1959,66,0.02530,0.02499,0.5,71377,1784,70485,1014663,14.22
ID,b,1950-1959,67,0.02789,0.02750,0.5,69593,1914,68636,944178,13.57
ID,b,1950-1959,68,0.03027,0.02982,0.5,67679,2018,66670,875542,12.94
ID,b,1950-1959,69,0.03366,0.03311,0.5,65661,2174,64574,808871,12.32
ID,b,1950-1959,70,0.03592,0.03528,0.5,63487,2240,62367,744297,11.72
ID,b,1950-1959,71,0.03909,0.03834,0.5,61247,2348,60073,681930,11.13
ID,b,1950-1959,72,0.04287,0.04197,0.5,58899,2472,57663,621857,10.56
ID,b,1950-1959,73,0.04731,0.04622,0.5,56427,2608,55123,564194,10.00
ID,b,1950-1959,74,0.05247,0.05113,0.5,53819,2751,52443,509071,9.46
ID,b,1950-1959,75,0.05882,0.05714,0.5,51067,2918,49608,456628,8.94
ID,b,1950-1959,76,0.06562,0.06354,0.5,48149,3059,46620,407019,8.45
ID,b,1950-1959,77,0.07186,0.06937,0.5,45090,3128,43526,360400,7.99
ID,b,1950-1959,78,0.07948,0.07645,0.5,41962,3208,40358,316874,7.55
ID,b,1950-1959,79,0.08666,0.08306,0.5,38754,3219,37145,276515,7.14
ID,b,1950-1959,80,0.09149,0.08748,0.5,35535,3109,33981,239371,6.74
ID,b,1950-1959,81,0.10062,0.09580,0.5,32427,3107,30873,205390,6.33
ID,b,1950-1959,82,0.11058,0.10478,0.5,29320,3072,27784,174516,5.95
ID,b,1950-1959,83,0.12139,0.11445,0.5,26248,3004,24746,146732,5.59
ID,b,1950-1959,84,0.13313,0.12482,0.5,23244,2901,21793,121986,5.25
ID,b,1950-1959,85,0.14583,0.13592,0.5,20343,2765,18960,100193,4.93
ID,b,1950-1959,86,0.15954,0.14775,0.5,17578,2597,16279,81233,4.62
ID,b,1950-1959,87,0.17430,0.16032,0.5,14980,2402,13780,64954,4.34
ID,b,1950-1959,88,0.19013,0.17363,0.5,12579,2184,11487,51175,4.07
ID,b,1950-1959,89,0.20707,0.18764,0.5,10395,1950,9419,39688,3.82
ID,b,1950-1959,90,0.22513,0.20235,0.5,8444,1709,7590,30268,3.58
ID,b,1950-1959,91,0.24430,0.21770,0.5,6736,1466,6002,22679,3.37
ID,b,1950-1959,92,0.26457,0.23366,0.5,5269,1231,4654,16676,3.16
ID,b,1950-1959,93,0.28592,0.25016,0.5,4038,1010,3533,12023,2.98
ID,b,1950-1959,94,0.30830,0.26712,0.5,3028,809,2623,8490,2.80
ID,b,1950-1959,95,0.33165,0.28448,0.5,2219,631,1903,5866,2.64
ID,b,1950-1959,96,0.35588,0.30212,0.5,1588,480,1348,3963,2.50
ID,b,1950-1959,97,0.38091,0.31997,0.5,1108,355,931,2615,2.36
ID,b,1950-1959,98,0.40660,0.33791,0.5,754,255,626,1684,2.24
ID,b,1950-1959,99,0.43285,0.35584,0.5,499,178,410,1058,2.12
ID,b,1950-1959,100,0.45949,0.37365,0.5,321,120,261,648,2.02
ID,b,1950-1959,101,0.48639,0.39124,0.5,201,79,162,386,1.92
ID,b,1950-1959,102,0.51339,0.40852,0.5,123,50,98,225,1.83
ID,b,1950-1959,103,0.54032,0.42539,0.5,72,31,57,127,1.75
ID,b,1950-1959,104,0.56703,0.44178,0.5,42,18,32,70,1.68
ID,b,1950-1959,105,0.59336,0.45760,0.5,23,11,18,38,1.62
ID,b,1950-1959,106,0.61917,0.47280,0.5,13,6,10,20,1.56
ID,b,1950-1959,107,0.64434,0.48733,0.5,7,3,5,10,1.50
ID,b,1950-1959,108,0.66873,0.50116,0.5,3,2,3,5,1.46
ID,b,1950-1959,109,0.69225,0.51425,0.5,2,1,1,2,1.42
ID,b,1950-1959,110+,0.71482,1.00000,1.4,1,1,1,1,1.40
ID,b,1960-1969,0,0.02202,0.02159,0.11,100000,2159,98077,7153206,71.53
ID,b,1960-1969,1,0.00184,0.00184,0.5,97841,180,97751,7055129,72.11
ID,b,1960-1969,2,0.00122,0.00122,0.5,97661,119,97601,6957378,71.24
ID,b,1960-1969,3,0.00087,0.00087,0.5,97542,85,97499,6859777,70.33
ID,b,1960-1969,4,0.00070,0.00070,0.5,97456,69,97422,6762278,69.39
ID,b,1960-1969,5,0.00046,0.00046,0.5,97388,45,97365,6664856,68.44
ID,b,1960-1969,6,0.00051,0.00051,0.5,97343,50,97318,6567491,67.47
ID,b,1960-1969,7,0.00048,0.00048,0.5,97293,47,97269,6470173,66.50
ID,b,1960-1969,8,0.00044,0.00044,0.5,97246,43,97224,6372904,65.53
ID,b,1960-1969,9,0.00046,0.00046,0.5,97203,45,97181,6275680,64.56
ID,b,1960-1969,10,0.00041,0.00041,0.5,97158,40,97138,6178499,63.59
ID,b,1960-1969,11,0.00045,0.00045,0.5,97118,43,97097,6081361,62.62
ID,b,1960-1969,12,0.00046,0.00046,0.5,97075,45,97053,5984264,61.65
ID,b,1960-1969,13,0.00046,0.00046,0.5,97030,45,97008,5887212,60.67
ID,b,1960-1969,14,0.00085,0.00085,0.5,96986,83,96944,5790204,59.70
ID,b,1960-1969,15,0.00085,0.00085,0.5,96903,83,96861,5693260,58.75
ID,b,1960-1969,16,0.00124,0.00124,0.5,96820,120,96760,5596398,57.80
ID,b,1960-1969,17,0.00134,0.00134,0.5,96700,130,96635,5499638,56.87
ID,b,1960-1969,18,0.00165,0.00165,0.5,96571,159,96491,5403002,55.95
ID,b,1960-1969,19,0.00160,0.00160,0.5,96412,154,96335,5306511,55.04
ID,b,1960-1969,20,0.00152,0.00152,0.5,96258,146,96185,5210176,54.13
ID,b,1960-1969,21,0.00188,0.00188,0.5,96111,181,96021,5113992,53.21
ID,b,1960-1969,22,0.00172,0.00171,0.5,95930,165,95848,5017971,52.31
ID,b,1960-1969,23,0.00129,0.00129,0.5,95766,123,95704,4922123,51.40
ID,b,1960-1969,24,0.00167,0.00167,0.5,95643,160,95563,4826418,50.46
ID,b,1960-1969,25,0.00139,0.00139,0.5,95483,133,95417,4730855,49.55
ID,b,1960-1969,26,0.00153,0.00153,0.5,95350,146,95277,4635439,48.61
ID,b,1960-1969,27,0.00176,0.00175,0.5,95204,167,95121,4540161,47.69
ID,b,1960-1969,28,0.00147,0.00147,0.5,95037,139,94968,4445040,46.77
ID,b,1960-1969,29,0.00142,0.00142,0.5,94898,135,94831,4350073,45.84
ID,b,1960-1969,30,0.00144,0.00144,0.5,94763,137,94695,4255242,44.90
ID,b,1960-1969,31,0.00154,0.00154,0.5,94627,145,94554,4160547,43.97
ID,b,1960-1969,32,0.00159,0.00159,0.5,94481,150,94406,4065993,43.03
ID,b,1960-1969,33,0.00157,0.00156,0.5,94331,148,94258,3971587,42.10
ID,b,1960-1969,34,0.00170,0.00170,0.5,94184,160,94104,3877329,41.17
ID,b,1960-1969,35,0.00179,0.00179,0.5,94024,168,93940,3783225,40.24
ID,b,1960-1969,36,0.00184,0.00184,0.5,93856,172,93770,3689285,39.31
ID,b,1960-1969,37,0.00197,0.00197,0.5,93683,185,93591,3595516,38.38
ID,b,1960-1969,38,0.00236,0.00236,0.5,93499,220,93388,3501925,37.45
ID,b,1960-1969,39,0.00239,0.00239,0.5,93278,223,93167,3408537,36.54
ID,b,1960-1969,40,0.00249,0.00249,0.5,93055,232,92940,3315370,35.63
ID,b,1960-1969,41,0.00297,0.00296,0.5,92824,275,92686,3222430,34.72
ID,b,1960-1969,42,0.00307,0.00307,0.5,92549,284,92407,3129744,33.82
ID,b,1960-1969,43,0.00340,0.00340,0.5,92264,314,92108,3037338,32.92
ID,b,1960-1969,44,0.00354,0.00353,0.5,91951,325,91788,2945230,32.03
ID,b,1960-1969,45,0.00394,0.00393,0.5,91626,360,91446,2853442,31.14
ID,b,1960-1969,46,0.00391,0.00391,0.5,91266,356,91087,2761996,30.26
ID,b,1960-1969,47,0.00516,0.00515,0.5,90909,468,90675,2670908,29.38
ID,b,1960-1969,48,0.00514,0.00512,0.5,90441,463,90210,2580233,28.53
ID,b,1960-1969,49,0.00573,0.00572,0.5,89978,514,89721,2490024,27.67
ID,b,1960-1969,50,0.00629,0.00627,0.5,89464,561,89183,2400303,26.83
ID,b,1960-1969,51,0.00676,0.00674,0.5,88903,599,88603,2311119,26.00
ID,b,1960-1969,52,0.00747,0.00744,0.5,88304,657,87975,2222516,25.17
ID,b,1960-1969,53,0.00766,0.00763,0.5,87647,669,87312,2134541,24.35
ID,b,1960-1969,54,0.00931,0.00927,0.5,86978,806,86575,2047228,23.54
ID,b,1960-1969,55,0.00889,0.00885,0.5,86172,763,85790,1960653,22.75
ID,b,1960-1969,56,0.01046,0.01041,0.5,85409,889,84965,1874863,21.95
ID,b,1960-1969,57,0.01097,0.01091,0.5,84520,922,84059,1789899,21.18
ID,b,1960-1969,58,0.01277,0.01268,0.5,83598,1060,83068,1705839,20.41
ID,b,1960-1969,59,0.01417,0.01407,0.5,82538,1161,81957,1622771,19.66
ID,b,1960-1969,60,0.01484,0.01474,0.5,81377,1199,80777,1540814,18.93
ID,b,1960-1969,61,0.01595,0.01582,0.5,80178,1268,79543,1460037,18.21
ID,b,1960-1969,62,0.01684,0.01670,0.5,78909,1318,78250,1380493,17.49
ID,b,1960-1969,63,0.01772,0.01756,0.5,77591,1363,76910,1302243,16.78
ID,b,1960-1969,64,0.02051,0.02030,0.5,76228,1547,75455,1225333,16.07
ID,b,1960-1969,65,0.02136,0.02113,0.5,74681,1578,73892,1149879,15.40
ID,b,1960-1969,66,0.02303,0.02277,0.5,73103,1664,72271,1075987,14.72
ID,b,1960-1969,67,0.02543,0.02511,0.5,71439,1794,70542,1003717,14.05
ID,b,1960-1969,68,0.02889,0.02848,0.5,69645,1983,68653,933175,13.40
ID,b,1960-1969,69,0.03333,0.03279,0.5,67661,2219,66552,864522,12.78
ID,b,1960-1969,70,0.03309,0.03255,0.5,65443,2130,64378,797969,12.19
ID,b,1960-1969,71,0.03746,0.03677,0.5,63313,2328,62149,733592,11.59
ID,b,1960-1969,72,0.04018,0.03939,0.5,60985,2402,59784,671443,11.01
ID,b,1960-1969,73,0.04513,0.04413,0.5,58583,2586,57290,611659,10.44
ID,b,1960-1969,74,0.04822,0.04709,0.5,55997,2637,54679,554369,9.90
ID,b,1960-1969,75,0.05398,0.05256,0.5,53360,2805,51958,499690,9.36
ID,b,1960-1969,76,0.05834,0.05669,0.5,50556,2866,49123,447732,8.86
ID,b,1960-1969,77,0.06135,0.05953,0.5,47690,2839,46270,398609,8.36
ID,b,1960-1969,78,0.07153,0.06906,0.5,44851,3098,43302,352339,7.86
ID,b,1960-1969,79,0.07800,0.07507,0.5,41753,3135,40186,309036,7.40
ID,b,1960-1969,80,0.08576,0.08223,0.5,38619,3176,37031,268850,6.96
ID,b,1960-1969,81,0.09465,0.09038,0.5,35443,3203,33841,231819,6.54
ID,b,1960-1969,82,0.10437,0.09919,0.5,32240,3198,30641,197978,6.14
ID,b,1960-1969,83,0.11496,0.10871,0.5,29042,3157,27463,167337,5.76
ID,b,1960-1969,84,0.12649,0.11896,0.5,25885,3079,24345,139874,5.40
ID,b,1960-1969,85,0.13899,0.12996,0.5,22805,2964,21324,115529,5.07
ID,b,1960-1969,86,0.15253,0.14172,0.5,19842,2812,18436,94205,4.75
ID,b,1960-1969,87,0.16713,0.15424,0.5,17030,2627,15716,75769,4.45
ID,b,1960-1969,88,0.18285,0.16753,0.5,14403,2413,13196,60053,4.17
ID,b,1960-1969,89,0.19970,0.18157,0.5,11990,2177,10901,46857,3.91
ID,b,1960-1969,90,0.21771,0.19634,0.5,9813,1927,8850,35955,3.66
ID,b,1960-1969,91,0.23688,0.21179,0.5,7886,1670,7051,27106,3.44
ID,b,1960-1969,92,0.25719,0.22789,0.5,6216,1417,5508,20054,3.23
ID,b,1960-1969,93,0.27864,0.24456,0.5,4799,1174,4213,14547,3.03
ID,b,1960-1969,94,0.30116,0.26175,0.5,3626,949,3151,10334,2.85
ID,b,1960-1969,95,0.32471,0.27936,0.5,2677,748,2303,7183,2.68
ID,b,1960-1969,96,0.34921,0.29730,0.5,1929,573,1642,4880,2.53
ID,b,1960-1969,97,0.37455,0.31547,0.5,1355,428,1142,3238,2.39
ID,b,1960-1969,98,0.40062,0.33376,0.5,928,310,773,2096,2.26
ID,b,1960-1969,99,0.42730,0.35208,0.5,618,218,509,1323,2.14
ID,b,1960-1969,100,0.45443,0.37029,0.5,401,148,326,814,2.03
ID,b,1960-1969,101,0.48186,0.38830,0.5,252,98,203,488,1.93
ID,b,1960-1969,102,0.50942,0.40601,0.5,154,63,123,284,1.84
ID,b,1960-1969,103,0.53696,0.42331,0.5,92,39,72,161,1.76
ID,b,1960-1969,104,0.56429,0.44012,0.5,53,23,41,89,1.69
ID,b,1960-1969,105,0.59127,0.45635,0.5,30,14,23,48,1.62
ID,b,1960-1969,106,0.61773,0.47196,0.5,16,8,12,25,1.56
ID,b,1960-1969,107,0.64352,0.48687,0.5,8,4,6,13,1.50
ID,b,1960-1969,108,0.66853,0.50105,0.5,4,2,3,6,1.46
ID,b,1960-1969,109,0.69264,0.51447,0.5,2,1,2,3,1.42
ID,b,1960-1969,110+,0.71576,1.00000,1.4,1,1,1,1,1.40
ID,b,1970-1979,0,0.01430,0.01412,0.09,100000,1412,98713,7345514,73.46
ID,b,1970-1979,1,0.00131,0.00131,0.5,98588,129,98524,7246802,73.51
ID,b,1970-1979,2,0.00098,0.00098,0.5,98459,97,98411,7148278,72.60
ID,b,1970-1979,3,0.00060,0.00060,0.5,98363,59,98333,7049867,71.67
ID,b,1970-1979,4,0.00049,0.00049,0.5,98303,48,98279,6951534,70.72
ID,b,1970-1979,5,0.00052,0.00052,0.5,98255,51,98230,6853255,69.75
ID,b,1970-1979,6,0.00052,0.00052,0.5,98204,51,98179,6755025,68.79
ID,b,1970-1979,7,0.00038,0.00038,0.5,98153,38,98134,6656847,67.82
ID,b,1970-1979,8,0.00037,0.00037,0.5,98115,37,98097,6558713,66.85
ID,b,1970-1979,9,0.00048,0.00048,0.5,98079,48,98055,6460616,65.87
ID,b,1970-1979,10,0.00038,0.00038,0.5,98031,37,98012,6362561,64.90
ID,b,1970-1979,11,0.00044,0.00044,0.5,97994,43,97972,6264549,63.93
ID,b,1970-1979,12,0.00035,0.00035,0.5,97951,34,97934,6166576,62.96
ID,b,1970-1979,13,0.00055,0.00055,0.5,97916,54,97889,6068643,61.98
ID,b,1970-1979,14,0.00062,0.00062,0.5,97863,60,97832,5970753,61.01
ID,b,1970-1979,15,0.00101,0.00101,0.5,97802,99,97753,5872921,60.05
ID,b,1970-1979,16,0.00110,0.00110,0.5,97704,107,97650,5775168,59.11
ID,b,1970-1979,17,0.00150,0.00150,0.5,97596,146,97523,5677518,58.17
ID,b,1970-1979,18,0.00150,0.00149,0.5,97451,146,97378,5579995,57.26
ID,b,1970-1979,19,0.00162,0.00162,0.5,97305,158,97226,5482617,56.34
ID,b,1970-1979,20,0.00184,0.00183,0.5,97147,178,97058,5385391,55.44
ID,b,1970-1979,21,0.00154,0.00154,0.5,96969,150,96894,5288333,54.54
ID,b,1970-1979,22,0.00160,0.00160,0.5,96819,155,96742,5191439,53.62
ID,b,1970-1979,23,0.00157,0.00157,0.5,96665,151,96589,5094696,52.70
ID,b,1970-1979,24,0.00173,0.00173,0.5,96513,167,96430,4998107,51.79
ID,b,1970-1979,25,0.00145,0.00145,0.5,96346,140,96276,4901678,50.88
ID,b,1970-1979,26,0.00139,0.00139,0.5,96206,134,96139,4805402,49.95
ID,b,1970-1979,27,0.00162,0.00162,0.5,96072,156,95994,4709262,49.02
ID,b,1970-1979,28,0.00135,0.00134,0.5,95917,129,95852,4613268,48.10
ID,b,1970-1979,29,0.00145,0.00145,0.5,95788,139,95718,4517416,47.16
ID,b,1970-1979,30,0.00136,0.00136,0.5,95648,130,95583,4421698,46.23
ID,b,1970-1979,31,0.00137,0.00137,0.5,95518,131,95452,4326115,45.29
ID,b,1970-1979,32,0.00134,0.00134,0.5,95387,128,95323,4230662,44.35
ID,b,1970-1979,33,0.00169,0.00169,0.5,95259,161,95178,4135339,43.41
ID,b,1970-1979,34,0.00179,0.00179,0.5,95098,170,95013,4040161,42.48
ID,b,1970-1979,35,0.00191,0.00191,0.5,94928,181,94838,3945148,41.56
ID,b,1970-1979,36,0.00179,0.00179,0.5,94747,169,94662,3850310,40.64
ID,b,1970-1979,37,0.00184,0.00184,0.5,94578,174,94491,3755648,39.71
ID,b,1970-1979,38,0.00198,0.00198,0.5,94404,187,94310,3661157,38.78
ID,b,1970-1979,39,0.00231,0.00231,0.5,94217,217,94108,3566847,37.86
ID,b,1970-1979,40,0.00239,0.00239,0.5,94000,225,93887,3472739,36.94
ID,b,1970-1979,41,0.00273,0.00272,0.5,93775,255,93647,3378852,36.03
ID,b,1970-1979,42,0.00264,0.00264,0.5,93520,247,93396,3285204,35.13
ID,b,1970-1979,43,0.00287,0.00287,0.5,93273,268,93139,3191808,34.22
ID,b,1970-1979,44,0.00290,0.00290,0.5,93005,269,92870,3098669,33.32
ID,b,1970-1979,45,0.00355,0.00354,0.5,92736,329,92571,3005799,32.41
ID,b,1970-1979,46,0.00386,0.00385,0.5,92407,356,92229,2913228,31.53
ID,b,1970-1979,47,0.00447,0.00446,0.5,92051,411,91845,2820999,30.65
ID,b,1970-1979,48,0.00462,0.00461,0.5,91640,423,91429,2729153,29.78
ID,b,1970-1979,49,0.00491,0.00489,0.5,91217,446,90994,2637725,28.92
ID,b,1970-1979,50,0.00534,0.00533,0.5,90771,484,90529,2546731,28.06
ID,b,1970-1979,51,0.00534,0.00532,0.5,90287,481,90047,2456202,27.20
ID,b,1970-1979,52,0.00660,0.00658,0.5,89807,591,89511,2366155,26.35
ID,b,1970-1979,53,0.00735,0.00733,0.5,89216,654,88889,2276644,25.52
ID,b,1970-1979,54,0.00810,0.00807,0.5,88562,714,88205,2187755,24.70
ID,b,1970-1979,55,0.00892,0.00888,0.5,87848,780,87458,2099550,23.90
ID,b,1970-1979,56,0.00945,0.00941,0.5,87068,819,86658,2012092,23.11
ID,b,1970-1979,57,0.01020,0.01015,0.5,86248,876,85811,1925434,22.32
ID,b,1970-1979,58,0.01131,0.01124,0.5,85373,960,84893,1839623,21.55
ID,b,1970-1979,59,0.01221,0.01213,0.5,84413,1024,83901,1754730,20.79
ID,b,1970-1979,60,0.01335,0.01326,0.5,83389,1106,82836,1670829,20.04
ID,b,1970-1979,61,0.01469,0.01458,0.5,82283,1200,81683,1587994,19.30
ID,b,1970-1979,62,0.01459,0.01448,0.5,81083,1174,80496,1506311,18.58
ID,b,1970-1979,63,0.01783,0.01767,0.5,79909,1412,79203,1425815,17.84
ID,b,1970-1979,64,0.01869,0.01851,0.5,78497,1453,77770,1346612,17.15
ID,b,1970-1979,65,0.02006,0.01986,0.5,77044,1530,76278,1268842,16.47
ID,b,1970-1979,66,0.02056,0.02035,0.5,75513,1536,74745,1192563,15.79
ID,b,1970-1979,67,0.02507,0.02476,0.5,73977,1832,73061,1117818,15.11
ID,b,1970-1979,68,0.02458,0.02428,0.5,72145,1752,71269,1044757,14.48
ID,b,1970-1979,69,0.02812,0.02773,0.5,70393,1952,69417,973488,13.83
ID,b,1970-1979,70,0.03026,0.02981,0.5,68441,2040,67421,904071,13.21
ID,b,1970-1979,71,0.03248,0.03197,0.5,66401,2123,65340,836650,12.60
ID,b,1970-1979,72,0.03650,0.03584,0.5,64279,2304,63127,771310,12.00
ID,b,1970-1979,73,0.03979,0.03901,0.5,61975,2418,60766,708184,11.43
ID,b,1970-1979,74,0.04266,0.04177,0.5,59557,2488,58313,647418,10.87
ID,b,1970-1979,75,0.04493,0.04394,0.5,57069,2508,55815,589105,10.32
ID,b,1970-1979,76,0.05302,0.05165,0.5,54561,2818,53152,533290,9.77
ID,b,1970-1979,77,0.05453,0.05308,0.5,51743,2747,50370,480138,9.28
ID,b,1970-1979,78,0.06203,0.06016,0.5,48997,2948,47523,429768,8.77
ID,b,1970-1979,79,0.06855,0.06627,0.5,46049,3052,44523,382245,8.30
ID,b,1970-1979,80,0.07113,0.06869,0.5,42997,2953,41520,337722,7.85
ID,b,1970-1979,81,0.07842,0.07546,0.5,40044,3022,38533,296202,7.40
ID,b,1970-1979,82,0.08641,0.08284,0.5,37022,3067,35489,257669,6.96
ID,b,1970-1979,83,0.09516,0.09084,0.5,33955,3084,32413,222180,6.54
ID,b,1970-1979,84,0.10471,0.09950,0.5,30871,3072,29335,189767,6.15
ID,b,1970-1979,85,0.11513,0.10886,0.5,27799,3026,26286,160432,5.77
ID,b,1970-1979,86,0.12646,0.11894,0.5,24773,2947,23300,134146,5.42
ID,b,1970-1979,87,0.13878,0.12977,0.5,21826,2832,20410,110846,5.08
ID,b,1970-1979,88,0.15212,0.14137,0.5,18994,2685,17651,90436,4.76
ID,b,1970-1979,89,0.16654,0.15374,0.5,16309,2507,15055,72785,4.46
ID,b,1970-1979,90,0.18208,0.16689,0.5,13802,2303,12650,57729,4.18
ID,b,1970-1979,91,0.19878,0.18081,0.5,11498,2079,10459,45079,3.92
ID,b,1970-1979,92,0.21666,0.19548,0.5,9419,1841,8499,34621,3.68
ID,b,1970-1979,93,0.23574,0.21088,0.5,7578,1598,6779,26122,3.45
ID,b,1970-1979,94,0.25601,0.22696,0.5,5980,1357,5301,19343,3.23
ID,b,1970-1979,95,0.27746,0.24366,0.5,4623,1126,4060,14042,3.04
ID,b,1970-1979,96,0.30006,0.26091,0.5,3496,912,3040,9982,2.86
ID,b,1970-1979,97,0.32374,0.27864,0.5,2584,720,2224,6942,2.69
ID,b,1970-1979,98,0.34844,0.29674,0.5,1864,553,1587,4718,2.53
ID,b,1970-1979,99,0.37406,0.31512,0.5,1311,413,1104,3131,2.39
ID,b,1970-1979,100,0.40049,0.33367,0.5,898,300,748,2026,2.26
ID,b,1970-1979,101,0.42758,0.35227,0.5,598,211,493,1278,2.14
ID,b,1970-1979,102,0.45519,0.37080,0.5,387,144,316,785,2.03
ID,b,1970-1979,103,0.48315,0.38914,0.5,244,95,196,470,1.93
ID,b,1970-1979,104,0.51129,0.40719,0.5,149,61,119,273,1.84
ID,b,1970-1979,105,0.53943,0.42484,0.5,88,38,70,155,1.75
ID,b,1970-1979,106,0.56738,0.44199,0.5,51,22,40,85,1.68
ID,b,1970-1979,107,0.59496,0.45855,0.5,28,13,22,46,1.61
ID,b,1970-1979,108,0.62202,0.47446,0.5,15,7,12,24,1.56
ID,b,1970-1979,109,0.64839,0.48965,0.5,8,4,6,12,1.51
ID,b,1970-1979,110+,0.67393,1.00000,1.48,4,4,6,6,1.48
ID,b,1980-1989,0,0.00990,0.00981,0.08,100000,981,99093,7591987,75.92
ID,b,1980-1989,1,0.00114,0.00114,0.5,99019,113,98963,7492894,75.67
ID,b,1980-1989,2,0.00066,0.00066,0.5,98906,65,98874,7393931,74.76
ID,b,1980-1989,3,0.00042,0.00042,0.5,98841,42,98820,7295057,73.81
ID,b,1980-1989,4,0.00030,0.00030,0.5,98799,29,98784,7196237,72.84
ID,b,1980-1989,5,0.00028,0.00028,0.5,98770,27,98756,7097453,71.86
ID,b,1980-1989,6,0.00025,0.00025,0.5,98742,24,98730,6998697,70.88
ID,b,1980-1989,7,0.00022,0.00022,0.5,98718,21,98707,6899967,69.90
ID,b,1980-1989,8,0.00031,0.00031,0.5,98696,30,98681,6801260,68.91
ID,b,1980-1989,9,0.00035,0.00035,0.5,98666,34,98649,6702579,67.93
ID,b,1980-1989,10,0.00028,0.00028,0.5,98632,27,98618,6603930,66.96
ID,b,1980-1989,11,0.00039,0.00039,0.5,98604,39,98585,6505312,65.97
ID,b,1980-1989,12,0.00039,0.00039,0.5,98566,38,98547,6406727,65.00
ID,b,1980-1989,13,0.00050,0.00050,0.5,98528,49,98503,6308180,64.02
ID,b,1980-1989,14,0.00053,0.00053,0.5,98478,53,98452,6209677,63.06
ID,b,1980-1989,15,0.00063,0.00063,0.5,98426,62,98394,6111225,62.09
ID,b,1980-1989,16,0.00098,0.00098,0.5,98363,97,98315,6012831,61.13
ID,b,1980-1989,17,0.00104,0.00104,0.5,98267,102,98216,5914516,60.19
ID,b,1980-1989,18,0.00124,0.00124,0.5,98165,122,98104,5816300,59.25
ID,b,1980-1989,19,0.00113,0.00113,0.5,98043,111,97987,5718197,58.32
ID,b,1980-1989,20,0.00137,0.00136,0.5,97932,134,97865,5620209,57.39
ID,b,1980-1989,21,0.00131,0.00130,0.5,97798,128,97735,5522344,56.47
ID,b,1980-1989,22,0.00126,0.00126,0.5,97671,123,97609,5424609,55.54
ID,b,1980-1989,23,0.00122,0.00122,0.5,97548,119,97489,5327000,54.61
ID,b,1980-1989,24,0.00119,0.00119,0.5,97429,115,97371,5229511,53.67
ID,b,1980-1989,25,0.00107,0.00107,0.5,97314,104,97262,5132140,52.74
ID,b,1980-1989,26,0.00112,0.00112,0.5,97210,109,97155,5034878,51.79
ID,b,1980-1989,27,0.00116,0.00116,0.5,97101,113,97044,4937723,50.85
ID,b,1980-1989,28,0.00118,0.00118,0.5,96988,115,96931,4840678,49.91
ID,b,1980-1989,29,0.00106,0.00105,0.5,96873,102,96822,4743748,48.97
ID,b,1980-1989,30,0.00094,0.00094,0.5,96771,91,96726,4646926,48.02
ID,b,1980-1989,31,0.00117,0.00117,0.5,96680,113,96623,4550200,47.06
ID,b,1980-1989,32,0.00139,0.00139,0.5,96567,134,96500,4453577,46.12
ID,b,1980-1989,33,0.00117,0.00117,0.5,96433,113,96377,4357077,45.18
ID,b,1980-1989,34,0.00108,0.00108,0.5,96320,104,96268,4260700,44.23
ID,b,1980-1989,35,0.00124,0.00124,0.5,96216,120,96156,4164431,43.28
ID,b,1980-1989,36,0.00138,0.00138,0.5,96097,133,96030,4068275,42.34
ID,b,1980-1989,37,0.00134,0.00134,0.5,95964,129,95900,3972245,41.39
ID,b,1980-1989,38,0.00166,0.00166,0.5,95835,159,95756,3876345,40.45
ID,b,1980-1989,39,0.00142,0.00142,0.5,95676,136,95608,3780590,39.51
ID,b,1980-1989,40,0.00190,0.00190,0.5,95540,181,95450,3684981,38.57
ID,b,1980-1989,41,0.00186,0.00186,0.5,95359,177,95271,3589532,37.64
ID,b,1980-1989,42,0.00190,0.00190,0.5,95182,181,95092,3494261,36.71
ID,b,1980-1989,43,0.00212,0.00212,0.5,95001,201,94901,3399170,35.78
ID,b,1980-1989,44,0.00244,0.00244,0.5,94800,231,94685,3304269,34.86
ID,b,1980-1989,45,0.00282,0.00282,0.5,94569,267,94436,3209584,33.94
ID,b,1980-1989,46,0.00327,0.00326,0.5,94303,308,94149,3115148,33.03
ID,b,1980-1989,47,0.00300,0.00300,0.5,93995,282,93854,3020999,32.14
ID,b,1980-1989,48,0.00396,0.00395,0.5,93713,370,93528,2927145,31.24
ID,b,1980-1989,49,0.00411,0.00410,0.5,93343,383,93152,2833617,30.36
ID,b,1980-1989,50,0.00403,0.00402,0.5,92960,374,92773,2740466,29.48
ID,b,1980-1989,51,0.00494,0.00493,0.5,92586,456,92358,2647693,28.60
ID,b,1980-1989,52,0.00515,0.00514,0.5,92130,473,91893,2555335,27.74
ID,b,1980-1989,53,0.00527,0.00525,0.5,91656,481,91415,2463442,26.88
ID,b,1980-1989,54,0.00590,0.00589,0.5,91175,537,90906,2372027,26.02
ID,b,1980-1989,55,0.00673,0.00671,0.5,90638,608,90334,2281120,25.17
ID,b,1980-1989,56,0.00774,0.00771,0.5,90030,694,89683,2190786,24.33
ID,b,1980-1989,57,0.00733,0.00731,0.5,89336,653,89009,2101103,23.52
ID,b,1980-1989,58,0.00942,0.00938,0.5,88683,832,88267,2012094,22.69
ID,b,1980-1989,59,0.01019,0.01014,0.5,87851,890,87406,1923827,21.90
ID,b,1980-1989,60,0.01075,0.01069,0.5,86961,930,86496,1836420,21.12
ID,b,1980-1989,61,0.01148,0.01142,0.5,86031,982,85540,1749925,20.34
ID,b,1980-1989,62,0.01329,0.01320,0.5,85049,1123,84487,1664385,19.57
ID,b,1980-1989,63,0.01390,0.01380,0.5,83926,1158,83347,1579898,18.82
ID,b,1980-1989,64,0.01518,0.01507,0.5,82768,1247,82144,1496551,18.08
ID,b,1980-1989,65,0.01720,0.01705,0.5,81520,1390,80825,1414407,17.35
ID,b,1980-1989,66,0.01843,0.01826,0.5,80130,1463,79399,1333582,16.64
ID,b,1980-1989,67,0.01973,0.01954,0.5,78667,1537,77899,1254183,15.94
ID,b,1980-1989,68,0.02377,0.02349,0.5,77130,1812,76224,1176284,15.25
ID,b,1980-1989,69,0.02528,0.02497,0.5,75318,1880,74378,1100060,14.61
ID,b,1980-1989,70,0.02630,0.02596,0.5,73437,1906,72484,1025683,13.97
ID,b,1980-1989,71,0.02772,0.02734,0.5,71531,1956,70553,953198,13.33
ID,b,1980-1989,72,0.03252,0.03200,0.5,69576,2226,68462,882645,12.69
ID,b,1980-1989,73,0.03562,0.03500,0.5,67349,2357,66171,814182,12.09
ID,b,1980-1989,74,0.03668,0.03602,0.5,64992,2341,63822,748012,11.51
ID,b,1980-1989,75,0.04000,0.03921,0.5,62652,2457,61423,684190,10.92
ID,b,1980-1989,76,0.04565,0.04463,0.5,60195,2686,58852,622767,10.35
ID,b,1980-1989,77,0.05081,0.04955,0.5,57508,2850,56084,563915,9.81
ID,b,1980-1989,78,0.05271,0.05135,0.5,54659,2807,53255,507831,9.29
ID,b,1980-1989,79,0.06007,0.05832,0.5,51852,3024,50340,454576,8.77
ID,b,1980-1989,80,0.06364,0.06168,0.5,48828,3012,47322,404236,8.28
ID,b,1980-1989,81,0.07048,0.06808,0.5,45816,3119,44257,356914,7.79
ID,b,1980-1989,82,0.07802,0.07509,0.5,42697,3206,41094,312658,7.32
ID,b,1980-1989,83,0.08632,0.08275,0.5,39491,3268,37857,271564,6.88
ID,b,1980-1989,84,0.09544,0.09109,0.5,36223,3300,34573,233707,6.45
ID,b,1980-1989,85,0.10544,0.10016,0.5,32923,3298,31274,199134,6.05
ID,b,1980-1989,86,0.11639,0.10999,0.5,29626,3259,27996,167860,5.67
ID,b,1980-1989,87,0.12836,0.12061,0.5,26367,3180,24777,139863,5.30
ID,b,1980-1989,88,0.14140,0.13206,0.5,23187,3062,21656,115086,4.96
ID,b,1980-1989,89,0.15558,0.14435,0.5,20125,2905,18672,93430,4.64
ID,b,1980-1989,90,0.17096,0.15749,0.5,17220,2712,15864,74758,4.34
ID,b,1980-1989,91,0.18757,0.17149,0.5,14508,2488,13264,58894,4.06
ID,b,1980-1989,92,0.20547,0.18632,0.5,12020,2240,10900,45631,3.80
ID,b,1980-1989,93,0.22466,0.20198,0.5,9780,1975,8793,34731,3.55
ID,b,1980-1989,94,0.24517,0.21840,0.5,7805,1705,6953,25938,3.32
ID,b,1980-1989,95,0.26699,0.23554,0.5,6100,1437,5382,18985,3.11
ID,b,1980-1989,96,0.29008,0.25333,0.5,4663,1181,4073,13604,2.92
ID,b,1980-1989,97,0.31438,0.27168,0.5,3482,946,3009,9531,2.74
ID,b,1980-1989,98,0.33984,0.29048,0.5,2536,737,2168,6522,2.57
ID,b,1980-1989,99,0.36633,0.30962,0.5,1799,557,1521,4354,2.42
ID,b,1980-1989,100,0.39374,0.32898,0.5,1242,409,1038,2833,2.28
ID,b,1980-1989,101,0.42192,0.34842,0.5,834,290,688,1795,2.15
ID,b,1980-1989,102,0.45069,0.36781,0.5,543,200,443,1107,2.04
ID,b,1980-1989,103,0.47987,0.38701,0.5,343,133,277,664,1.93
ID,b,1980-1989,104,0.50925,0.40590,0.5,210,85,168,387,1.84
ID,b,1980-1989,105,0.53863,0.42435,0.5,125,53,99,219,1.75
ID,b,1980-1989,106,0.56781,0.44225,0.5,72,32,56,121,1.68
ID,b,1980-1989,107,0.59657,0.45951,0.5,40,18,31,65,1.61
ID,b,1980-1989,108,0.62474,0.47604,0.5,22,10,17,34,1.55
ID,b,1980-1989,109,0.65212,0.49177,0.5,11,6,9,17,1.50
ID,b,1980-1989,110+,0.67858,1.00000,1.47,6,6,9,9,1.47
ID,b,1990-1999,0,0.00749,0.00744,0.07,100000,744,99307,7755072,77.55
ID,b,1990-1999,1,0.00068,0.00068,0.5,99256,68,99222,7655765,77.13
ID,b,1990-1999,2,0.00054,0.00054,0.5,99188,53,99161,7556543,76.18
ID,b,1990-1999,3,0.00028,0.00028,0.5,99135,28,99121,7457382,75.22
ID,b,1990-1999,4,0.00030,0.00030,0.5,99107,29,99092,7358261,74.25
ID,b,1990-1999,5,0.00028,0.00028,0.5,99077,27,99064,7259169,73.27
ID,b,1990-1999,6,0.00020,0.00020,0.5,99050,20,99040,7160105,72.29
ID,b,1990-1999,7,0.00025,0.00025,0.5,99030,25,99018,7061065,71.30
ID,b,1990-1999,8,0.00024,0.00024,0.5,99006,24,98994,6962047,70.32
ID,b,1990-1999,9,0.00019,0.00019,0.5,98982,19,98973,6863053,69.34
ID,b,1990-1999,10,0.00021,0.00020,0.5,98963,20,98953,6764081,68.35
ID,b,1990-1999,11,0.00023,0.00023,0.5,98943,23,98932,6665128,67.36
ID,b,1990-1999,12,0.00025,0.00025,0.5,98920,25,98908,6566196,66.38
ID,b,1990-1999,13,0.00040,0.00040,0.5,98896,40,98876,6467288,65.40
ID,b,1990-1999,14,0.00058,0.00058,0.5,98856,58,98827,6368412,64.42
ID,b,1990-1999,15,0.00082,0.00082,0.5,98798,81,98758,6269585,63.46
ID,b,1990-1999,16,0.00078,0.00078,0.5,98717,77,98678,6170828,62.51
ID,b,1990-1999,17,0.00099,0.00099,0.5,98640,98,98591,6072149,61.56
ID,b,1990-1999,18,0.00093,0.00093,0.5,98542,92,98496,5973558,60.62
ID,b,1990-1999,19,0.00092,0.00092,0.5,98451,91,98405,5875062,59.68
ID,b,1990-1999,20,0.00110,0.00110,0.5,98360,108,98306,5776657,58.73
ID,b,1990-1999,21,0.00091,0.00091,0.5,98251,89,98207,5678351,57.79
ID,b,1990-1999,22,0.00091,0.00091,0.5,98163,89,98118,5580144,56.85
ID,b,1990-1999,23,0.00102,0.00102,0.5,98074,100,98024,5482026,55.90
ID,b,1990-1999,24,0.00090,0.00090,0.5,97974,88,97930,5384002,54.95
ID,b,1990-1999,25,0.00096,0.00096,0.5,97886,94,97838,5286073,54.00
ID,b,1990-1999,26,0.00098,0.00098,0.5,97791,96,97743,5188234,53.05
ID,b,1990-1999,27,0.00092,0.00092,0.5,97696,90,97651,5090491,52.11
ID,b,1990-1999,28,0.00104,0.00104,0.5,97606,101,97555,4992840,51.15
ID,b,1990-1999,29,0.00098,0.00098,0.5,97505,96,97457,4895285,50.21
ID,b,1990-1999,30,0.00093,0.00093,0.5,97409,91,97364,4797828,49.25
ID,b,1990-1999,31,0.00108,0.00108,0.5,97318,105,97266,4700465,48.30
ID,b,1990-1999,32,0.00113,0.00113,0.5,97213,110,97159,4603199,47.35
ID,b,1990-1999,33,0.00129,0.00129,0.5,97104,125,97041,4506040,46.40
ID,b,1990-1999,34,0.00105,0.00105,0.5,96979,102,96928,4408999,45.46
ID,b,1990-1999,35,0.00121,0.00121,0.5,96877,117,96818,4312071,44.51
ID,b,1990-1999,36,0.00136,0.00135,0.5,96759,131,96694,4215253,43.56
ID,b,1990-1999,37,0.00138,0.00138,0.5,96628,133,96562,4118559,42.62
ID,b,1990-1999,38,0.00158,0.00158,0.5,96495,153,96419,4021997,41.68
ID,b,1990-1999,39,0.00150,0.00150,0.5,96343,144,96270,3925578,40.75
ID,b,1990-1999,40,0.00147,0.00147,0.5,96198,141,96128,3829308,39.81
ID,b,1990-1999,41,0.00164,0.00163,0.5,96057,157,95979,3733180,38.86
ID,b,1990-1999,42,0.00191,0.00191,0.5,95900,183,95809,3637201,37.93
ID,b,1990-1999,43,0.00190,0.00190,0.5,95717,181,95626,3541393,37.00
ID,b,1990-1999,44,0.00202,0.00202,0.5,95536,193,95439,3445766,36.07
ID,b,1990-1999,45,0.00210,0.00210,0.5,95343,200,95243,3350327,35.14
ID,b,1990-1999,46,0.00256,0.00255,0.5,95142,243,95021,3255084,34.21
ID,b,1990-1999,47,0.00262,0.00261,0.5,94899,248,94775,3160063,33.30
ID,b,1990-1999,48,0.00319,0.00319,0.5,94652,302,94501,3065288,32.38
ID,b,1990-1999,49,0.00290,0.00289,0.5,94350,273,94213,2970787,31.49
ID,b,1990-1999,50,0.00326,0.00325,0.5,94077,306,93924,2876574,30.58
ID,b,1990-1999,51,0.00397,0.00397,0.5,93771,372,93585,2782650,29.67
ID,b,1990-1999,52,0.00415,0.00414,0.5,93399,387,93205,2689065,28.79
ID,b,1990-1999,53,0.00466,0.00465,0.5,93012,432,92796,2595860,27.91
ID,b,1990-1999,54,0.00506,0.00504,0.5,92580,467,92346,2503064,27.04
ID,b,1990-1999,55,0.00545,0.00543,0.5,92113,500,91863,2410717,26.17
ID,b,1990-1999,56,0.00664,0.00662,0.5,91612,606,91309,2318855,25.31
ID,b,1990-1999,57,0.00701,0.00698,0.5,91006,635,90688,2227546,24.48
ID,b,1990-1999,58,0.00826,0.00823,0.5,90371,744,89999,2136857,23.65
ID,b,1990-1999,59,0.00832,0.00829,0.5,89627,743,89256,2046858,22.84
ID,b,1990-1999,60,0.00876,0.00872,0.5,88884,775,88497,1957603,22.02
ID,b,1990-1999,61,0.01033,0.01028,0.5,88109,906,87656,1869106,21.21
ID,b,1990-1999,62,0.01193,0.01186,0.5,87203,1034,86686,1781450,20.43
ID,b,1990-1999,63,0.01223,0.01216,0.5,86169,1048,85645,1694765,19.67
ID,b,1990-1999,64,0.01377,0.01368,0.5,85121,1164,84539,1609120,18.90
ID,b,1990-1999,65,0.01551,0.01539,0.5,83957,1292,83311,1524581,18.16
ID,b,1990-1999,66,0.01615,0.01602,0.5,82665,1324,82003,1441270,17.44
ID,b,1990-1999,67,0.01803,0.01787,0.5,81341,1454,80614,1359268,16.71
ID,b,1990-1999,68,0.01979,0.01959,0.5,79887,1565,79105,1278654,16.01
ID,b,1990-1999,69,0.02112,0.02090,0.5,78322,1637,77503,1199549,15.32
ID,b,1990-1999,70,0.02265,0.02240,0.5,76685,1718,75826,1122046,14.63
ID,b,1990-1999,71,0.02720,0.02684,0.5,74967,2012,73962,1046219,13.96
ID,b,1990-1999,72,0.02872,0.02831,0.5,72956,2066,71923,972258,13.33
ID,b,1990-1999,73,0.03082,0.03035,0.5,70890,2151,69814,900335,12.70
ID,b,1990-1999,74,0.03419,0.03362,0.5,68739,2311,67583,830521,12.08
ID,b,1990-1999,75,0.03628,0.03563,0.5,66428,2367,65244,762938,11.49
ID,b,1990-1999,76,0.04061,0.03981,0.5,64061,2550,62786,697693,10.89
ID,b,1990-1999,77,0.04586,0.04483,0.5,61511,2758,60132,634908,10.32
ID,b,1990-1999,78,0.04780,0.04668,0.5,58753,2743,57382,574776,9.78
ID,b,1990-1999,79,0.05328,0.05190,0.5,56010,2907,54557,517394,9.24
ID,b,1990-1999,80,0.05506,0.05359,0.5,53104,2846,51681,462837,8.72
ID,b,1990-1999,81,0.06162,0.05978,0.5,50258,3004,48756,411156,8.18
ID,b,1990-1999,82,0.06892,0.06662,0.5,47253,3148,45679,362400,7.67
ID,b,1990-1999,83,0.07703,0.07417,0.5,44105,3271,42470,316721,7.18
ID,b,1990-1999,84,0.08603,0.08248,0.5,40834,3368,39150,274251,6.72
ID,b,1990-1999,85,0.09599,0.09159,0.5,37466,3432,35750,235101,6.28
ID,b,1990-1999,86,0.10699,0.10156,0.5,34034,3457,32306,199351,5.86
ID,b,1990-1999,87,0.11913,0.11243,0.5,30578,3438,28859,167045,5.46
ID,b,1990-1999,88,0.13247,0.12424,0.5,27140,3372,25454,138186,5.09
ID,b,1990-1999,89,0.14709,0.13701,0.5,23768,3257,22140,112732,4.74
ID,b,1990-1999,90,0.16307,0.15078,0.5,20512,3093,18965,90592,4.42
ID,b,1990-1999,91,0.18047,0.16553,0.5,17419,2883,15977,71627,4.11
ID,b,1990-1999,92,0.19934,0.18127,0.5,14536,2635,13218,55650,3.83
ID,b,1990-1999,93,0.21971,0.19796,0.5,11901,2356,10723,42431,3.57
ID,b,1990-1999,94,0.24160,0.21556,0.5,9545,2057,8516,31709,3.32
ID,b,1990-1999,95,0.26500,0.23400,0.5,7487,1752,6611,23193,3.10
ID,b,1990-1999,96,0.28988,0.25318,0.5,5735,1452,5009,16581,2.89
ID,b,1990-1999,97,0.31616,0.27300,0.5,4283,1169,3699,11572,2.70
ID,b,1990-1999,98,0.34376,0.29334,0.5,3114,913,2657,7873,2.53
ID,b,1990-1999,99,0.37253,0.31404,0.5,2200,691,1855,5216,2.37
ID,b,1990-1999,100,0.40232,0.33494,0.5,1509,506,1257,3361,2.23
ID,b,1990-1999,101,0.43293,0.35589,0.5,1004,357,825,2105,2.10
ID,b,1990-1999,102,0.46415,0.37672,0.5,647,244,525,1279,1.98
ID,b,1990-1999,103,0.49572,0.39726,0.5,403,160,323,754,1.87
ID,b,1990-1999,104,0.52741,0.41735,0.5,243,101,192,432,1.78
ID,b,1990-1999,105,0.55895,0.43686,0.5,142,62,111,239,1.69
ID,b,1990-1999,106,0.59008,0.45565,0.5,80,36,62,129,1.61
ID,b,1990-1999,107,0.62058,0.47362,0.5,43,21,33,67,1.55
ID,b,1990-1999,108,0.65020,0.49068,0.5,23,11,17,34,1.49
ID,b,1990-1999,109,0.67876,0.50677,0.5,12,6,9,17,1.45
ID,b,1990-1999,110+,0.70609,1.00000,1.42,6,6,8,8,1.42
ID,b,2000-2009,0,0.00641,0.00637,0.07,100000,637,99405,7873910,78.74
ID,b,2000-2009,1,0.00049,0.00049,0.5,99363,48,99339,7774505,78.24
ID,b,2000-2009,2,0.00037,0.00037,0.5,99314,37,99296,7675166,77.28
ID,b,2000-2009,3,0.00025,0.00025,0.5,99277,25,99265,7575871,76.31
ID,b,2000-2009,4,0.00020,0.00020,0.5,99253,19,99243,7476606,75.33
ID,b,2000-2009,5,0.00011,0.00011,0.5,99233,11,99228,7377363,74.34
ID,b,2000-2009,6,0.00022,0.00022,0.5,99223,22,99212,7278135,73.35
ID,b,2000-2009,7,0.00015,0.00015,0.5,99201,15,99193,7178923,72.37
ID,b,2000-2009,8,0.00012,0.00012,0.5,99186,12,99180,7079730,71.38
ID,b,2000-2009,9,0.00013,0.00013,0.5,99174,13,99168,6980550,70.39
ID,b,2000-2009,10,0.00019,0.00019,0.5,99161,19,99152,6881383,69.40
ID,b,2000-2009,11,0.00023,0.00023,0.5,99142,23,99131,6782231,68.41
ID,b,2000-2009,12,0.00018,0.00018,0.5,99120,17,99111,6683100,67.42
ID,b,2000-2009,13,0.00023,0.00023,0.5,99102,23,99091,6583989,66.44
ID,b,2000-2009,14,0.00030,0.00030,0.5,99079,30,99065,6484899,65.45
ID,b,2000-2009,15,0.00040,0.00040,0.5,99050,40,99030,6385834,64.47
ID,b,2000-2009,16,0.00058,0.00058,0.5,99010,58,98981,6286805,63.50
ID,b,2000-2009,17,0.00069,0.00069,0.5,98952,69,98917,6187824,62.53
ID,b,2000-2009,18,0.00077,0.00077,0.5,98883,77,98845,6088906,61.58
ID,b,2000-2009,19,0.00088,0.00088,0.5,98806,87,98763,5990062,60.62
ID,b,2000-2009,20,0.00084,0.00084,0.5,98719,83,98678,5891299,59.68
ID,b,2000-2009,21,0.00087,0.00087,0.5,98636,85,98593,5792621,58.73
ID,b,2000-2009,22,0.00085,0.00085,0.5,98551,83,98509,5694028,57.78
ID,b,2000-2009,23,0.00089,0.00089,0.5,98467,87,98424,5595519,56.83
ID,b,2000-2009,24,0.00086,0.00086,0.5,98380,85,98338,5497095,55.88
ID,b,2000-2009,25,0.00095,0.00095,0.5,98295,93,98249,5398757,54.92
ID,b,2000-2009,26,0.00087,0.00087,0.5,98202,85,98159,5300509,53.98
ID,b,2000-2009,27,0.00078,0.00078,0.5,98117,77,98078,5202349,53.02
ID,b,2000-2009,28,0.00078,0.00078,0.5,98040,77,98002,5104271,52.06
ID,b,2000-2009,29,0.00096,0.00096,0.5,97963,94,97916,5006269,51.10
ID,b,2000-2009,30,0.00093,0.00093,0.5,97869,91,97823,4908353,50.15
ID,b,2000-2009,31,0.00091,0.00091,0.5,97778,89,97733,4810530,49.20
ID,b,2000-2009,32,0.00105,0.00105,0.5,97689,102,97638,4712796,48.24
ID,b,2000-2009,33,0.00094,0.00094,0.5,97587,92,97541,4615158,47.29
ID,b,2000-2009,34,0.00102,0.00102,0.5,97495,99,97445,4517617,46.34
ID,b,2000-2009,35,0.00118,0.00118,0.5,97396,115,97339,4420172,45.38
ID,b,2000-2009,36,0.00118,0.00118,0.5,97281,115,97224,4322833,44.44
ID,b,2000-2009,37,0.00137,0.00137,0.5,97167,133,97100,4225609,43.49
ID,b,2000-2009,38,0.00144,0.00143,0.5,97033,139,96964,4128509,42.55
ID,b,2000-2009,39,0.00163,0.00163,0.5,96894,158,96815,4031545,41.61
ID,b,2000-2009,40,0.00172,0.00172,0.5,96736,166,96653,3934730,40.67
ID,b,2000-2009,41,0.00174,0.00173,0.5,96570,167,96486,3838076,39.74
ID,b,2000-2009,42,0.00205,0.00205,0.5,96403,197,96304,3741590,38.81
ID,b,2000-2009,43,0.00211,0.00211,0.5,96205,203,96104,3645286,37.89
ID,b,2000-2009,44,0.00231,0.00230,0.5,96003,221,95892,3549182,36.97
ID,b,2000-2009,45,0.00253,0.00253,0.5,95782,242,95660,3453290,36.05
ID,b,2000-2009,46,0.00280,0.00279,0.5,95539,267,95406,3357629,35.14
ID,b,2000-2009,47,0.00291,0.00291,0.5,95273,277,95134,3262223,34.24
ID,b,2000-2009,48,0.00305,0.00305,0.5,94996,289,94851,3167089,33.34
ID,b,2000-2009,49,0.00341,0.00341,0.5,94706,323,94545,3072239,32.44
ID,b,2000-2009,50,0.00351,0.00350,0.5,94384,331,94218,2977694,31.55
ID,b,2000-2009,51,0.00415,0.00414,0.5,94053,389,93858,2883476,30.66
ID,b,2000-2009,52,0.00408,0.00407,0.5,93664,381,93473,2789617,29.78
ID,b,2000-2009,53,0.00496,0.00494,0.5,93283,461,93052,2696144,28.90
ID,b,2000-2009,54,0.00482,0.00481,0.5,92821,446,92598,2603092,28.04
ID,b,2000-2009,55,0.00517,0.00516,0.5,92375,476,92137,2510494,27.18
ID,b,2000-2009,56,0.00519,0.00518,0.5,91899,476,91661,2418357,26.32
ID,b,2000-2009,57,0.00611,0.00609,0.5,91423,557,91144,2326697,25.45
ID,b,2000-2009,58,0.00678,0.00676,0.5,90866,614,90559,2235552,24.60
ID,b,2000-2009,59,0.00723,0.00721,0.5,90252,650,89927,2144993,23.77
ID,b,2000-2009,60,0.00825,0.00822,0.5,89602,737,89233,2055067,22.94
ID,b,2000-2009,61,0.00864,0.00860,0.5,88865,764,88483,1965833,22.12
ID,b,2000-2009,62,0.00955,0.00951,0.5,88100,837,87682,1877351,21.31
ID,b,2000-2009,63,0.01049,0.01043,0.5,87263,910,86808,1789669,20.51
ID,b,2000-2009,64,0.01199,0.01192,0.5,86352,1029,85838,1702861,19.72
ID,b,2000-2009,65,0.01289,0.01281,0.5,85323,1093,84777,1617023,18.95
ID,b,2000-2009,66,0.01422,0.01412,0.5,84231,1189,83636,1532246,18.19
ID,b,2000-2009,67,0.01421,0.01411,0.5,83041,1171,82456,1448610,17.44
ID,b,2000-2009,68,0.01690,0.01676,0.5,81870,1372,81184,1366155,16.69
ID,b,2000-2009,69,0.01803,0.01787,0.5,80498,1438,79779,1284971,15.96
ID,b,2000-2009,70,0.02094,0.02072,0.5,79059,1638,78240,1205192,15.24
ID,b,2000-2009,71,0.02160,0.02137,0.5,77421,1655,76594,1126952,14.56
ID,b,2000-2009,72,0.02503,0.02472,0.5,75767,1873,74830,1050358,13.86
ID,b,2000-2009,73,0.02609,0.02575,0.5,73894,1903,72942,975528,13.20
ID,b,2000-2009,74,0.02931,0.02889,0.5,71991,2080,70951,902585,12.54
ID,b,2000-2009,75,0.03291,0.03238,0.5,69911,2264,68779,831634,11.90
ID,b,2000-2009,76,0.03706,0.03638,0.5,67648,2461,66417,762855,11.28
ID,b,2000-2009,77,0.04129,0.04045,0.5,65187,2637,63868,696438,10.68
ID,b,2000-2009,78,0.04408,0.04313,0.5,62549,2698,61200,632570,10.11
ID,b,2000-2009,79,0.04889,0.04772,0.5,59852,2856,58423,571369,9.55
ID,b,2000-2009,80,0.04877,0.04761,0.5,56995,2713,55639,512946,9.00
ID,b,2000-2009,81,0.05522,0.05373,0.5,54282,2917,52824,457307,8.42
ID,b,2000-2009,82,0.06247,0.06057,0.5,51365,3111,49810,404483,7.87
ID,b,2000-2009,83,0.07060,0.06819,0.5,48254,3291,46609,354673,7.35
ID,b,2000-2009,84,0.07971,0.07666,0.5,44963,3447,43240,308065,6.85
ID,b,2000-2009,85,0.08989,0.08603,0.5,41517,3572,39731,264825,6.38
ID,b,2000-2009,86,0.10124,0.09636,0.5,37945,3657,36117,225094,5.93
ID,b,2000-2009,87,0.11385,0.10772,0.5,34289,3694,32442,188977,5.51
ID,b,2000-2009,88,0.12782,0.12015,0.5,30595,3676,28757,156535,5.12
ID,b,2000-2009,89,0.14325,0.13367,0.5,26919,3598,25120,127778,4.75
ID,b,2000-2009,90,0.16021,0.14833,0.5,23321,3459,21591,102658,4.40
ID,b,2000-2009,91,0.17878,0.16411,0.5,19862,3259,18232,81067,4.08
ID,b,2000-2009,92,0.19901,0.18100,0.5,16602,3005,15100,62835,3.78
ID,b,2000-2009,93,0.22095,0.19897,0.5,13597,2705,12244,47736,3.51
ID,b,2000-2009,94,0.24459,0.21794,0.5,10892,2374,9705,35491,3.26
ID,b,2000-2009,95,0.26991,0.23782,0.5,8518,2026,7505,25786,3.03
ID,b,2000-2009,96,0.29687,0.25850,0.5,6492,1678,5653,18281,2.82
ID,b,2000-2009,97,0.32535,0.27983,0.5,4814,1347,4141,12628,2.62
ID,b,2000-2009,98,0.35523,0.30165,0.5,3467,1046,2944,8487,2.45
ID,b,2000-2009,99,0.38632,0.32378,0.5,2421,784,2029,5543,2.29
ID,b,2000-2009,100,0.41841,0.34602,0.5,1637,567,1354,3514,2.15
ID,b,2000-2009,101,0.45125,0.36818,0.5,1071,394,874,2160,2.02
ID,b,2000-2009,102,0.48457,0.39006,0.5,677,264,545,1286,1.90
ID,b,2000-2009,103,0.51806,0.41148,0.5,413,170,328,742,1.80
ID,b,2000-2009,104,0.55144,0.43226,0.5,243,105,190,414,1.71
ID,b,2000-2009,105,0.58441,0.45226,0.5,138,62,107,224,1.62
ID,b,2000-2009,106,0.61667,0.47134,0.5,76,36,58,117,1.55
ID,b,2000-2009,107,0.64798,0.48941,0.5,40,20,30,59,1.49
ID,b,2000-2009,108,0.67809,0.50640,0.5,20,10,15,29,1.43
ID,b,2000-2009,109,0.70683,0.52226,0.5,10,5,7,14,1.39
ID,b,2000-2009,110+,0.73403,1.00000,1.36,5,5,7,7,1.36
ID,b,2010-2019,0,0.00509,0.00507,0.06,100000,507,99525,7942048,79.42
ID,b,2010-2019,1,0.00038,0.00038,0.5,99493,38,99474,7842523,78.82
ID,b,2010-2019,2,0.00021,0.00021,0.5,99455,20,99445,7743048,77.85
ID,b,2010-2019,3,0.00020,0.00020,0.5,99435,20,99425,7643603,76.87
ID,b,2010-2019,4,0.00016,0.00016,0.5,99415,16,99407,7544178,75.89
ID,b,2010-2019,5,0.00014,0.00014,0.5,99399,14,99392,7444771,74.90
ID,b,2010-2019,6,0.00011,0.00011,0.5,99385,11,99380,7345379,73.91
ID,b,2010-2019,7,0.00013,0.00013,0.5,99375,13,99368,7245999,72.92
ID,b,2010-2019,8,0.00014,0.00014,0.5,99362,14,99355,7146631,71.93
ID,b,2010-2019,9,0.00014,0.00014,0.5,99348,14,99341,7047276,70.94
ID,b,2010-2019,10,0.00013,0.00013,0.5,99334,13,99327,6947935,69.95
ID,b,2010-2019,11,0.00013,0.00013,0.5,99321,13,99314,6848607,68.95
ID,b,2010-2019,12,0.00019,0.00019,0.5,99308,19,99298,6749293,67.96
ID,b,2010-2019,13,0.00020,0.00020,0.5,99289,20,99279,6649995,66.98
ID,b,2010-2019,14,0.00029,0.00029,0.5,99269,29,99255,6550715,65.99
ID,b,2010-2019,15,0.00036,0.00036,0.5,99240,36,99222,6451461,65.01
ID,b,2010-2019,16,0.00047,0.00047,0.5,99204,47,99181,6352238,64.03
ID,b,2010-2019,17,0.00054,0.00054,0.5,99157,54,99131,6253058,63.06
ID,b,2010-2019,18,0.00064,0.00064,0.5,99104,63,99072,6153927,62.10
ID,b,2010-2019,19,0.00082,0.00082,0.5,99040,81,99000,6054855,61.14
ID,b,2010-2019,20,0.00086,0.00086,0.5,98959,85,98916,5955855,60.19
ID,b,2010-2019,21,0.00098,0.00098,0.5,98874,97,98825,5856939,59.24
ID,b,2010-2019,22,0.00086,0.00086,0.5,98777,85,98734,5758114,58.29
ID,b,2010-2019,23,0.00096,0.00096,0.5,98692,95,98645,5659380,57.34
ID,b,2010-2019,24,0.00092,0.00092,0.5,98597,91,98552,5560735,56.40
ID,b,2010-2019,25,0.00082,0.00082,0.5,98506,81,98466,5462183,55.45
ID,b,2010-2019,26,0.00097,0.00097,0.5,98426,95,98378,5363717,54.50
ID,b,2010-2019,27,0.00099,0.00099,0.5,98331,97,98282,5265339,53.55
ID,b,2010-2019,28,0.00094,0.00094,0.5,98233,92,98187,5167057,52.60
ID,b,2010-2019,29,0.00100,0.00100,0.5,98141,98,98092,5068870,51.65
ID,b,2010-2019,30,0.00092,0.00092,0.5,98043,90,97998,4970778,50.70
ID,b,2010-2019,31,0.00111,0.00111,0.5,97953,109,97899,4872780,49.75
ID,b,2010-2019,32,0.00103,0.00103,0.5,97844,100,97794,4774881,48.80
ID,b,2010-2019,33,0.00114,0.00114,0.5,97744,111,97688,4677087,47.85
ID,b,2010-2019,34,0.00113,0.00113,0.5,97632,110,97577,4579399,46.90
ID,b,2010-2019,35,0.00124,0.00124,0.5,97522,121,97462,4481822,45.96
ID,b,2010-2019,36,0.00137,0.00137,0.5,97401,133,97334,4384360,45.01
ID,b,2010-2019,37,0.00153,0.00152,0.5,97268,148,97194,4287026,44.07
ID,b,2010-2019,38,0.00160,0.00160,0.5,97120,155,97042,4189832,43.14
ID,b,2010-2019,39,0.00172,0.00172,0.5,96965,166,96881,4092790,42.21
ID,b,2010-2019,40,0.00166,0.00166,0.5,96798,160,96718,3995908,41.28
ID,b,2010-2019,41,0.00183,0.00182,0.5,96638,176,96550,3899190,40.35
ID,b,2010-2019,42,0.00191,0.00191,0.5,96462,184,96369,3802640,39.42
ID,b,2010-2019,43,0.00194,0.00194,0.5,96277,187,96184,3706271,38.50
ID,b,2010-2019,44,0.00215,0.00215,0.5,96091,207,95987,3610087,37.57
ID,b,2010-2019,45,0.00228,0.00228,0.5,95884,219,95775,3514100,36.65
ID,b,2010-2019,46,0.00259,0.00259,0.5,95665,248,95541,3418325,35.73
ID,b,2010-2019,47,0.00268,0.00268,0.5,95418,255,95290,3322784,34.82
ID,b,2010-2019,48,0.00305,0.00305,0.5,95162,290,95017,3227494,33.92
ID,b,2010-2019,49,0.00362,0.00362,0.5,94872,343,94701,3132477,33.02
ID,b,2010-2019,50,0.00380,0.00379,0.5,94529,358,94350,3037776,32.14
ID,b,2010-2019,51,0.00377,0.00377,0.5,94171,355,93993,2943426,31.26
ID,b,2010-2019,52,0.00404,0.00403,0.5,93816,378,93627,2849433,30.37
ID,b,2010-2019,53,0.00475,0.00474,0.5,93438,443,93217,2755805,29.49
ID,b,2010-2019,54,0.00498,0.00497,0.5,92995,462,92764,2662589,28.63
ID,b,2010-2019,55,0.00558,0.00556,0.5,92533,515,92276,2569825,27.77
ID,b,2010-2019,56,0.00586,0.00585,0.5,92019,538,91750,2477549,26.92
ID,b,2010-2019,57,0.00615,0.00613,0.5,91481,561,91200,2385799,26.08
ID,b,2010-2019,58,0.00699,0.00697,0.5,90919,634,90603,2294599,25.24
ID,b,2010-2019,59,0.00719,0.00717,0.5,90286,647,89962,2203997,24.41
ID,b,2010-2019,60,0.00828,0.00825,0.5,89639,739,89269,2114034,23.58
ID,b,2010-2019,61,0.00859,0.00856,0.5,88899,761,88519,2024766,22.78
ID,b,2010-2019,62,0.00926,0.00922,0.5,88139,813,87732,1936247,21.97
ID,b,2010-2019,63,0.00983,0.00978,0.5,87326,854,86899,1848514,21.17
ID,b,2010-2019,64,0.01074,0.01069,0.5,86472,924,86010,1761615,20.37
ID,b,2010-2019,65,0.01147,0.01140,0.5,85548,976,85060,1675605,19.59
ID,b,2010-2019,66,0.01246,0.01239,0.5,84572,1047,84049,1590545,18.81
ID,b,2010-2019,67,0.01322,0.01313,0.5,83525,1097,82976,1506497,18.04
ID,b,2010-2019,68,0.01439,0.01428,0.5,82428,1177,81839,1423520,17.27
ID,b,2010-2019,69,0.01570,0.01558,0.5,81251,1266,80618,1341681,16.51
ID,b,2010-2019,70,0.01760,0.01745,0.5,79985,1396,79287,1261063,15.77
ID,b,2010-2019,71,0.01884,0.01866,0.5,78589,1467,77856,1181776,15.04
ID,b,2010-2019,72,0.02144,0.02122,0.5,77122,1636,76304,1103920,14.31
ID,b,2010-2019,73,0.02327,0.02300,0.5,75486,1736,74618,1027616,13.61
ID,b,2010-2019,74,0.02608,0.02574,0.5,73750,1898,72801,952997,12.92
ID,b,2010-2019,75,0.02918,0.02876,0.5,71852,2067,70818,880196,12.25
ID,b,2010-2019,76,0.03336,0.03282,0.5,69785,2290,68640,809378,11.60
ID,b,2010-2019,77,0.03717,0.03649,0.5,67495,2463,66263,740738,10.97
ID,b,2010-2019,78,0.04042,0.03962,0.5,65032,2577,63744,674475,10.37
ID,b,2010-2019,79,0.04497,0.04398,0.5,62455,2747,61082,610731,9.78
ID,b,2010-2019,80,0.04527,0.04427,0.5,59708,2643,58387,549649,9.21
ID,b,2010-2019,81,0.05155,0.05026,0.5,57065,2868,55631,491262,8.61
ID,b,2010-2019,82,0.05865,0.05698,0.5,54197,3088,52653,435631,8.04
ID,b,2010-2019,83,0.06666,0.06451,0.5,51109,3297,49460,382978,7.49
ID,b,2010-2019,84,0.07568,0.07292,0.5,47812,3486,46069,333517,6.98
ID,b,2010-2019,85,0.08580,0.08227,0.5,44325,3647,42502,287449,6.48
ID,b,2010-2019,86,0.09713,0.09263,0.5,40679,3768,38795,244947,6.02
ID,b,2010-2019,87,0.10979,0.10407,0.5,36910,3841,34990,206152,5.59
ID,b,2010-2019,88,0.12386,0.11664,0.5,33069,3857,31141,171162,5.18
ID,b,2010-2019,89,0.13946,0.13037,0.5,29212,3808,27308,140022,4.79
ID,b,2010-2019,90,0.15667,0.14529,0.5,25404,3691,23558,112714,4.44
ID,b,2010-2019,91,0.17558,0.16141,0.5,21713,3505,19960,89156,4.11
ID,b,2010-2019,92,0.19624,0.17871,0.5,18208,3254,16581,69195,3.80
ID,b,2010-2019,93,0.21870,0.19714,0.5,14954,2948,13480,52614,3.52
ID,b,2010-2019,94,0.24296,0.21664,0.5,12006,2601,10706,39134,3.26
ID,b,2010-2019,95,0.26899,0.23710,0.5,9405,2230,8290,28428,3.02
ID,b,2010-2019,96,0.29673,0.25839,0.5,7175,1854,6248,20138,2.81
ID,b,2010-2019,97,0.32607,0.28036,0.5,5321,1492,4575,13890,2.61
ID,b,2010-2019,98,0.35685,0.30282,0.5,3829,1160,3250,9315,2.43
ID,b,2010-2019,99,0.38888,0.32558,0.5,2670,869,2235,6065,2.27
ID,b,2010-2019,100,0.42193,0.34842,0.5,1801,627,1487,3830,2.13
ID,b,2010-2019,101,0.45571,0.37114,0.5,1173,435,955,2343,2.00
ID,b,2010-2019,102,0.48992,0.39352,0.5,738,290,593,1388,1.88
ID,b,2010-2019,103,0.52426,0.41538,0.5,447,186,355,795,1.78
ID,b,2010-2019,104,0.55840,0.43652,0.5,262,114,204,441,1.69
ID,b,2010-2019,105,0.59201,0.45680,0.5,147,67,114,236,1.60
ID,b,2010-2019,106,0.62482,0.47609,0.5,80,38,61,123,1.53
ID,b,2010-2019,107,0.65654,0.49428,0.5,42,21,32,62,1.47
ID,b,2010-2019,108,0.68695,0.51132,0.5,21,11,16,30,1.42
ID,b,2010-2019,109,0.71585,0.52717,0.5,10,5,8,14,1.37
ID,b,2010-2019,110+,0.74310,1.00000,1.35,5,5,7,7,1.35
ID,b,2020-2022,0,0.00522,0.00519,0.06,100000,519,99514,7811776,78.12
ID,b,2020-2022,1,0.00039,0.00039,0.5,99481,39,99461,7712262,77.53
ID,b,2020-2022,2,0.00022,0.00022,0.5,99442,22,99431,7612801,76.56
ID,b,2020-2022,3,0.00020,0.00020,0.5,99420,20,99410,7513371,75.57
ID,b,2020-2022,4,0.00011,0.00011,0.5,99400,11,99394,7413961,74.59
ID,b,2020-2022,5,0.00011,0.00011,0.5,99389,11,99383,7314566,73.60
ID,b,2020-2022,6,0.00007,0.00007,0.5,99378,7,99375,7215183,72.60
ID,b,2020-2022,7,0.00014,0.00014,0.5,99372,14,99365,7115808,71.61
ID,b,2020-2022,8,0.00005,0.00005,0.5,99357,5,99355,7016444,70.62
ID,b,2020-2022,9,0.00009,0.00009,0.5,99352,9,99348,6917089,69.62
ID,b,2020-2022,10,0.00013,0.00013,0.5,99343,13,99337,6817741,68.63
ID,b,2020-2022,11,0.00020,0.00020,0.5,99331,20,99321,6718404,67.64
ID,b,2020-2022,12,0.00010,0.00010,0.5,99311,10,99306,6619083,66.65
ID,b,2020-2022,13,0.00026,0.00026,0.5,99301,26,99289,6519777,65.66
ID,b,2020-2022,14,0.00033,0.00033,0.5,99276,32,99260,6420489,64.67
ID,b,2020-2022,15,0.00046,0.00046,0.5,99243,46,99221,6321229,63.69
ID,b,2020-2022,16,0.00050,0.00050,0.5,99198,50,99173,6222008,62.72
ID,b,2020-2022,17,0.00059,0.00059,0.5,99148,59,99119,6122836,61.75
ID,b,2020-2022,18,0.00055,0.00055,0.5,99089,54,99062,6023717,60.79
ID,b,2020-2022,19,0.00069,0.00069,0.5,99035,68,99001,5924655,59.82
ID,b,2020-2022,20,0.00091,0.00091,0.5,98967,90,98922,5825654,58.86
ID,b,2020-2022,21,0.00097,0.00097,0.5,98876,96,98828,5726732,57.92
ID,b,2020-2022,22,0.00101,0.00101,0.5,98780,99,98731,5627904,56.97
ID,b,2020-2022,23,0.00106,0.00106,0.5,98681,105,98629,5529173,56.03
ID,b,2020-2022,24,0.00103,0.00103,0.5,98576,101,98526,5430545,55.09
ID,b,2020-2022,25,0.00118,0.00118,0.5,98475,116,98417,5332019,54.15
ID,b,2020-2022,26,0.00144,0.00144,0.5,98359,141,98288,5233602,53.21
ID,b,2020-2022,27,0.00117,0.00117,0.5,98217,115,98160,5135314,52.29
ID,b,2020-2022,28,0.00137,0.00137,0.5,98102,134,98035,5037155,51.35
ID,b,2020-2022,29,0.00110,0.00110,0.5,97968,108,97914,4939120,50.42
ID,b,2020-2022,30,0.00133,0.00133,0.5,97860,130,97795,4841206,49.47
ID,b,2020-2022,31,0.00158,0.00158,0.5,97730,154,97653,4743410,48.54
ID,b,2020-2022,32,0.00131,0.00131,0.5,97576,128,97512,4645758,47.61
ID,b,2020-2022,33,0.00169,0.00168,0.5,97447,164,97365,4548246,46.67
ID,b,2020-2022,34,0.00174,0.00173,0.5,97283,169,97199,4450881,45.75
ID,b,2020-2022,35,0.00184,0.00184,0.5,97115,179,97025,4353682,44.83
ID,b,2020-2022,36,0.00174,0.00173,0.5,96936,168,96852,4256656,43.91
ID,b,2020-2022,37,0.00180,0.00179,0.5,96768,174,96681,4159805,42.99
ID,b,2020-2022,38,0.00183,0.00183,0.5,96594,176,96506,4063124,42.06
ID,b,2020-2022,39,0.00201,0.00201,0.5,96418,193,96321,3966618,41.14
ID,b,2020-2022,40,0.00220,0.00220,0.5,96224,212,96118,3870298,40.22
ID,b,2020-2022,41,0.00211,0.00211,0.5,96012,202,95911,3774179,39.31
ID,b,2020-2022,42,0.00217,0.00217,0.5,95810,208,95706,3678268,38.39
ID,b,2020-2022,43,0.00253,0.00253,0.5,95602,242,95481,3582562,37.47
ID,b,2020-2022,44,0.00229,0.00229,0.5,95360,218,95251,3487081,36.57
ID,b,2020-2022,45,0.00299,0.00299,0.5,95142,284,95000,3391829,35.65
ID,b,2020-2022,46,0.00284,0.00284,0.5,94858,269,94723,3296829,34.76
ID,b,2020-2022,47,0.00323,0.00323,0.5,94589,305,94436,3202106,33.85
ID,b,2020-2022,48,0.00371,0.00371,0.5,94284,350,94109,3107670,32.96
ID,b,2020-2022,49,0.00383,0.00382,0.5,93934,359,93754,3013561,32.08
ID,b,2020-2022,50,0.00406,0.00405,0.5,93575,379,93385,2919807,31.20
ID,b,2020-2022,51,0.00485,0.00483,0.5,93196,451,92970,2826422,30.33
ID,b,2020-2022,52,0.00479,0.00477,0.5,92745,443,92524,2733451,29.47
ID,b,2020-2022,53,0.00500,0.00499,0.5,92302,460,92072,2640928,28.61
ID,b,2020-2022,54,0.00539,0.00537,0.5,91842,493,91595,2548856,27.75
ID,b,2020-2022,55,0.00634,0.00632,0.5,91348,578,91060,2457260,26.90
ID,b,2020-2022,56,0.00662,0.00660,0.5,90771,599,90471,2366201,26.07
ID,b,2020-2022,57,0.00714,0.00712,0.5,90172,642,89851,2275730,25.24
ID,b,2020-2022,58,0.00752,0.00749,0.5,89530,670,89195,2185878,24.41
ID,b,2020-2022,59,0.00830,0.00827,0.5,88860,734,88493,2096683,23.60
ID,b,2020-2022,60,0.00923,0.00919,0.5,88125,810,87721,2008191,22.79
ID,b,2020-2022,61,0.00956,0.00951,0.5,87316,830,86901,1920470,21.99
ID,b,2020-2022,62,0.01108,0.01102,0.5,86485,953,86009,1833570,21.20
ID,b,2020-2022,63,0.01136,0.01130,0.5,85533,966,85050,1747561,20.43
ID,b,2020-2022,64,0.01179,0.01172,0.5,84567,991,84071,1662511,19.66
ID,b,2020-2022,65,0.01211,0.01204,0.5,83576,1006,83072,1578440,18.89
ID,b,2020-2022,66,0.01309,0.01301,0.5,82569,1074,82032,1495368,18.11
ID,b,2020-2022,67,0.01451,0.01441,0.5,81495,1174,80908,1413335,17.34
ID,b,2020-2022,68,0.01600,0.01587,0.5,80321,1275,79684,1332427,16.59
ID,b,2020-2022,69,0.01650,0.01637,0.5,79046,1294,78399,1252743,15.85
ID,b,2020-2022,70,0.01842,0.01825,0.5,77753,1419,77043,1174344,15.10
ID,b,2020-2022,71,0.02187,0.02164,0.5,76334,1652,75508,1097301,14.38
ID,b,2020-2022,72,0.02186,0.02162,0.5,74682,1615,73875,1021793,13.68
ID,b,2020-2022,73,0.02591,0.02558,0.5,73067,1869,72133,947918,12.97
ID,b,2020-2022,74,0.02822,0.02783,0.5,71198,1981,70208,875786,12.30
ID,b,2020-2022,75,0.03123,0.03075,0.5,69217,2128,68153,805578,11.64
ID,b,2020-2022,76,0.03380,0.03323,0.5,67089,2230,65974,737425,10.99
ID,b,2020-2022,77,0.03929,0.03854,0.5,64859,2499,63610,671451,10.35
ID,b,2020-2022,78,0.04524,0.04424,0.5,62360,2759,60981,607841,9.75
ID,b,2020-2022,79,0.04830,0.04716,0.5,59601,2811,58196,546860,9.18
ID,b,2020-2022,80,0.05107,0.04979,0.5,56791,2828,55377,488664,8.60
ID,b,2020-2022,81,0.05821,0.05656,0.5,53963,3052,52437,433288,8.03
ID,b,2020-2022,82,0.06628,0.06415,0.5,50910,3266,49277,380851,7.48
ID,b,2020-2022,83,0.07538,0.07264,0.5,47644,3461,45914,331574,6.96
ID,b,2020-2022,84,0.08561,0.08210,0.5,44183,3627,42370,285660,6.47
ID,b,2020-2022,85,0.09709,0.09259,0.5,40556,3755,38679,243290,6.00
ID,b,2020-2022,86,0.10992,0.10419,0.5,36801,3834,34884,204612,5.56
ID,b,2020-2022,87,0.12421,0.11695,0.5,32967,3855,31039,169728,5.15
ID,b,2020-2022,88,0.14007,0.13090,0.5,29111,3811,27206,138689,4.76
ID,b,2020-2022,89,0.15759,0.14608,0.5,25300,3696,23452,111483,4.41
ID,b,2020-2022,90,0.17685,0.16249,0.5,21605,3510,19849,88031,4.07
ID,b,2020-2022,91,0.19792,0.18010,0.5,18094,3259,16465,68181,3.77
ID,b,2020-2022,92,0.22083,0.19887,0.5,14835,2950,13360,51717,3.49
ID,b,2020-2022,93,0.24559,0.21873,0.5,11885,2600,10585,38357,3.23
ID,b,2020-2022,94,0.27215,0.23956,0.5,9285,2224,8173,27771,2.99
ID,b,2020-2022,95,0.30046,0.26122,0.5,7061,1844,6139,19598,2.78
ID,b,2020-2022,96,0.33039,0.28355,0.5,5217,1479,4477,13459,2.58
ID,b,2020-2022,97,0.36177,0.30635,0.5,3737,1145,3165,8982,2.40
ID,b,2020-2022,98,0.39439,0.32942,0.5,2592,854,2165,5817,2.24
ID,b,2020-2022,99,0.42799,0.35255,0.5,1738,613,1432,3652,2.10
ID,b,2020-2022,100,0.46230,0.37550,0.5,1126,423,914,2220,1.97
ID,b,2020-2022,101,0.49698,0.39807,0.5,703,280,563,1306,1.86
ID,b,2020-2022,102,0.53172,0.42005,0.5,423,178,334,743,1.76
ID,b,2020-2022,103,0.56618,0.44126,0.5,245,108,191,408,1.66
ID,b,2020-2022,104,0.60003,0.46156,0.5,137,63,105,217,1.58
ID,b,2020-2022,105,0.63298,0.48081,0.5,74,35,56,112,1.51
ID,b,2020-2022,106,0.66475,0.49892,0.5,38,19,29,56,1.45
ID,b,2020-2022,107,0.69512,0.51584,0.5,19,10,14,27,1.40
ID,b,2020-2022,108,0.72390,0.53152,0.5,9,5,7,13,1.35
ID,b,2020-2022,109,0.75095,0.54596,0.5,4,2,3,6,1.31
ID,b,2020-2022,110+,0.77619,1.00000,1.29,2,2,3,3,1.29
