PopName,Sex,Year,Age,mx,qx,ax,lx,dx,Lx,Tx,ex
NV,m,1941-1944,0,0.06316,0.06018,0.21,100000,6018,95273,5630137,56.30
NV,m,1941-1944,1-4,0.00343,0.01360,1.78,93982,1278,373096,5534864,58.89
NV,m,1941-1944,5-9,0.00184,0.00917,2.73,92704,850,461592,5161768,55.68
NV,m,1941-1944,10-14,0.00158,0.00785,2.49,91854,721,457465,4700176,51.17
NV,m,1941-1944,15-19,0.00393,0.01949,2.98,91134,1776,452085,4242711,46.55
NV,m,1941-1944,20-24,0.00786,0.03852,2.5,89358,3442,438167,3790626,42.42
NV,m,1941-1944,25-29,0.00541,0.02667,2.31,85915,2291,423417,3352459,39.02
NV,m,1941-1944,30-34,0.00496,0.02449,2.6,83624,2048,413212,2929041,35.03
NV,m,1941-1944,35-39,0.00706,0.03473,2.61,81576,2833,401104,2515830,30.84
NV,m,1941-1944,40-44,0.00953,0.04657,2.61,78743,3667,384967,2114726,26.86
NV,m,1941-1944,45-49,0.01437,0.06946,2.63,75076,5215,362998,1729759,23.04
NV,m,1941-1944,50-54,0.02143,0.10195,2.62,69861,7122,332367,1366760,19.56
NV,m,1941-1944,55-59,0.03003,0.13987,2.55,62739,8775,292183,1034394,16.49
NV,m,1941-1944,60-64,0.03794,0.17347,2.53,53963,9361,246733,742210,13.75
NV,m,1941-1944,65-69,0.05623,0.24693,2.54,44602,11014,195879,495477,11.11
NV,m,1941-1944,70-74,0.07434,0.31309,2.48,33589,10516,141455,299598,8.92
NV,m,1941-1944,75-79,0.11402,0.44180,2.45,23072,10193,89397,158143,6.85
NV,m,1941-1944,80-84,0.15553,0.55019,2.34,12879,7086,45561,68746,5.34
NV,m,1941-1944,85-89,0.22508,0.68910,2.19,5793,3992,17736,23186,4.00
NV,m,1941-1944,90-94,0.31347,0.80714,2,1801,1454,4637,5450,3.03
NV,m,1941-1944,95-99,0.41745,0.89093,1.78,347,309,741,812,2.34
NV,m,1941-1944,100-104,0.52950,0.94135,1.58,38,36,67,71,1.87
NV,m,1941-1944,105-109,0.63929,0.96818,1.4,2,2,3,3,1.56
NV,m,1941-1944,110+,0.72368,1.00000,1.38,0,0,0,0,1.38
NV,m,1945-1949,0,0.04511,0.04347,0.17,100000,4347,96375,6058373,60.58
NV,m,1945-1949,1-4,0.00238,0.00945,1.6,95653,904,380438,5961999,62.33
NV,m,1945-1949,5-9,0.00132,0.00658,2.37,94749,623,472108,5581560,58.91
NV,m,1945-1949,10-14,0.00104,0.00521,2.78,94126,490,469540,5109452,54.28
NV,m,1945-1949,15-19,0.00288,0.01429,2.74,93636,1338,465154,4639912,49.55
NV,m,1945-1949,20-24,0.00398,0.01969,2.5,92298,1818,456943,4174758,45.23
NV,m,1945-1949,25-29,0.00346,0.01717,2.45,90480,1553,448444,3717815,41.09
NV,m,1945-1949,30-34,0.00381,0.01889,2.59,88927,1680,440583,3269370,36.76
NV,m,1945-1949,35-39,0.00539,0.02660,2.66,87247,2321,430798,2828788,32.42
NV,m,1945-1949,40-44,0.00797,0.03911,2.64,84926,3322,416804,2397990,28.24
NV,m,1945-1949,45-49,0.01193,0.05801,2.64,81604,4734,396829,1981186,24.28
NV,m,1945-1949,50-54,0.01797,0.08616,2.63,76870,6623,368627,1584357,20.61
NV,m,1945-1949,55-59,0.02621,0.12316,2.55,70247,8652,330076,1215730,17.31
NV,m,1945-1949,60-64,0.03346,0.15487,2.6,61596,9539,285053,885654,14.38
NV,m,1945-1949,65-69,0.05403,0.23853,2.55,52056,12417,229801,600601,11.54
NV,m,1945-1949,70-74,0.07091,0.30055,2.47,39639,11914,168004,370801,9.35
NV,m,1945-1949,75-79,0.10733,0.42251,2.48,27726,11714,109147,202796,7.31
NV,m,1945-1949,80-84,0.14128,0.51396,2.35,16011,8229,58247,93649,5.85
NV,m,1945-1949,85-89,0.19505,0.63332,2.23,7782,4929,25268,35402,4.55
NV,m,1945-1949,90-94,0.26261,0.74387,2.09,2854,2123,8083,10134,3.55
NV,m,1945-1949,95-99,0.34321,0.83403,1.92,731,610,1776,2050,2.81
NV,m,1945-1949,100-104,0.43383,0.89871,1.74,121,109,251,274,2.26
NV,m,1945-1949,105-109,0.52925,0.94010,1.57,12,12,22,23,1.88
NV,m,1945-1949,110+,0.60658,1.00000,1.65,1,1,1,1,1.65
NV,m,1950-1954,0,0.03985,0.03855,0.15,100000,3855,96731,6329620,63.30
NV,m,1950-1954,1-4,0.00194,0.00774,1.49,96145,744,382711,6232889,64.83
NV,m,1950-1954,5-9,0.00054,0.00270,2.44,95401,257,476346,5850179,61.32
NV,m,1950-1954,10-14,0.00086,0.00428,2.83,95144,407,474836,5373833,56.48
NV,m,1950-1954,15-19,0.00206,0.01024,2.71,94737,970,471463,4898997,51.71
NV,m,1950-1954,20-24,0.00265,0.01314,2.61,93767,1232,465888,4427534,47.22
NV,m,1950-1954,25-29,0.00342,0.01697,2.47,92535,1571,458705,3961646,42.81
NV,m,1950-1954,30-34,0.00301,0.01492,2.57,90964,1357,451516,3502941,38.51
NV,m,1950-1954,35-39,0.00447,0.02210,2.6,89607,1980,443292,3051425,34.05
NV,m,1950-1954,40-44,0.00639,0.03148,2.74,87627,2759,431901,2608132,29.76
NV,m,1950-1954,45-49,0.01146,0.05579,2.61,84868,4735,413045,2176231,25.64
NV,m,1950-1954,50-54,0.01392,0.06732,2.58,80133,5394,387628,1763186,22.00
NV,m,1950-1954,55-59,0.02124,0.10112,2.63,74739,7558,355760,1375558,18.40
NV,m,1950-1954,60-64,0.03122,0.14510,2.57,67181,9748,312238,1019799,15.18
NV,m,1950-1954,65-69,0.04408,0.19928,2.6,57433,11446,259682,707561,12.32
NV,m,1950-1954,70-74,0.07250,0.30690,2.5,45988,14114,194677,447878,9.74
NV,m,1950-1954,75-79,0.08963,0.36383,2.41,31874,11597,129392,253201,7.94
NV,m,1950-1954,80-84,0.12752,0.47959,2.42,20277,9725,76262,123809,6.11
NV,m,1950-1954,85-89,0.19261,0.63113,2.27,10552,6660,34577,47547,4.51
NV,m,1950-1954,90-94,0.27939,0.76891,2.08,3892,2993,10713,12970,3.33
NV,m,1950-1954,95-99,0.38585,0.87108,1.85,900,784,2031,2258,2.51
NV,m,1950-1954,100-104,0.50448,0.93321,1.62,116,108,215,227,1.96
NV,m,1950-1954,105-109,0.62331,0.96555,1.43,8,7,12,12,1.60
NV,m,1950-1954,110+,0.71522,1.00000,1.4,0,0,0,0,1.40
NV,m,1955-1959,0,0.03860,0.03737,0.15,100000,3737,96818,6389320,63.89
NV,m,1955-1959,1-4,0.00140,0.00558,1.51,96263,538,383711,6292501,65.37
NV,m,1955-1959,5-9,0.00054,0.00271,2.29,95725,260,477924,5908790,61.73
NV,m,1955-1959,10-14,0.00085,0.00426,2.94,95466,407,476489,5430866,56.89
NV,m,1955-1959,15-19,0.00196,0.00975,2.66,95059,927,473120,4954377,52.12
NV,m,1955-1959,20-24,0.00322,0.01599,2.41,94132,1505,466761,4481257,47.61
NV,m,1955-1959,25-29,0.00245,0.01220,2.54,92626,1130,460347,4014497,43.34
NV,m,1955-1959,30-34,0.00332,0.01645,2.6,91497,1505,453876,3554149,38.84
NV,m,1955-1959,35-39,0.00377,0.01870,2.57,89991,1683,445874,3100273,34.45
NV,m,1955-1959,40-44,0.00582,0.02871,2.58,88309,2535,435416,2654399,30.06
NV,m,1955-1959,45-49,0.00913,0.04474,2.78,85773,3838,420358,2218984,25.87
NV,m,1955-1959,50-54,0.01521,0.07342,2.66,81936,6016,395593,1798626,21.95
NV,m,1955-1959,55-59,0.02223,0.10554,2.61,75920,8013,360486,1403033,18.48
NV,m,1955-1959,60-64,0.03021,0.14064,2.55,67907,9551,316127,1042547,15.35
NV,m,1955-1959,65-69,0.04705,0.21111,2.57,58356,12319,261819,726420,12.45
NV,m,1955-1959,70-74,0.06037,0.26243,2.51,46037,12081,200130,464601,10.09
NV,m,1955-1959,75-79,0.09654,0.38773,2.46,33956,13166,136374,264471,7.79
NV,m,1955-1959,80-84,0.12579,0.47487,2.42,20790,9873,78488,128097,6.16
NV,m,1955-1959,85-89,0.19045,0.62689,2.27,10917,6844,35936,49609,4.54
NV,m,1955-1959,90-94,0.27691,0.76582,2.08,4073,3120,11265,13674,3.36
NV,m,1955-1959,95-99,0.38330,0.86930,1.86,954,829,2163,2408,2.52
NV,m,1955-1959,100-104,0.50216,0.93237,1.63,125,116,231,245,1.97
NV,m,1955-1959,105-109,0.62147,0.96521,1.43,8,8,13,14,1.60
NV,m,1955-1959,110+,0.71385,1.00000,1.4,0,0,0,0,1.40
NV,m,1960-1964,0,0.03463,0.03363,0.14,100000,3363,97101,6459617,64.60
NV,m,1960-1964,1-4,0.00152,0.00608,1.61,96637,587,385143,6362516,65.84
NV,m,1960-1964,5-9,0.00058,0.00291,2.39,96050,279,479520,5977372,62.23
NV,m,1960-1964,10-14,0.00075,0.00372,2.88,95771,356,478097,5497852,57.41
NV,m,1960-1964,15-19,0.00150,0.00749,2.87,95414,714,475552,5019755,52.61
NV,m,1960-1964,20-24,0.00260,0.01289,2.27,94700,1221,470167,4544203,47.99
NV,m,1960-1964,25-29,0.00251,0.01248,2.48,93479,1166,464455,4074035,43.58
NV,m,1960-1964,30-34,0.00257,0.01279,2.58,92313,1181,458712,3609580,39.10
NV,m,1960-1964,35-39,0.00381,0.01889,2.7,91132,1722,451699,3150868,34.57
NV,m,1960-1964,40-44,0.00609,0.03001,2.62,89410,2683,440660,2699169,30.19
NV,m,1960-1964,45-49,0.00928,0.04541,2.68,86727,3938,424514,2258509,26.04
NV,m,1960-1964,50-54,0.01401,0.06777,2.58,82788,5611,400358,1833995,22.15
NV,m,1960-1964,55-59,0.02123,0.10088,2.55,77177,7785,366786,1433637,18.58
NV,m,1960-1964,60-64,0.03148,0.14655,2.65,69392,10169,323037,1066851,15.37
NV,m,1960-1964,65-69,0.04396,0.19790,2.48,59223,11720,266619,743814,12.56
NV,m,1960-1964,70-74,0.06460,0.27967,2.6,47503,13285,205661,477195,10.05
NV,m,1960-1964,75-79,0.09476,0.38112,2.43,34217,13041,137617,271534,7.94
NV,m,1960-1964,80-84,0.12007,0.45925,2.44,21177,9725,80996,133917,6.32
NV,m,1960-1964,85-89,0.18545,0.61728,2.29,11451,7069,38117,52921,4.62
NV,m,1960-1964,90-94,0.27427,0.76304,2.09,4383,3344,12192,14804,3.38
NV,m,1960-1964,95-99,0.38471,0.87084,1.86,1039,904,2351,2611,2.51
NV,m,1960-1964,100-104,0.50845,0.93505,1.62,134,125,247,260,1.94
NV,m,1960-1964,105-109,0.63198,0.96739,1.41,9,8,13,14,1.58
NV,m,1960-1964,110+,0.72676,1.00000,1.38,0,0,0,0,1.38
NV,m,1965-1969,0,0.02762,0.02696,0.12,100000,2696,97625,6526708,65.27
NV,m,1965-1969,1-4,0.00109,0.00434,1.76,97304,422,388271,6429083,66.07
NV,m,1965-1969,5-9,0.00059,0.00293,2.2,96882,284,483612,6040811,62.35
NV,m,1965-1969,10-14,0.00090,0.00448,2.92,96598,433,482088,5557199,57.53
NV,m,1965-1969,15-19,0.00222,0.01103,2.92,96165,1060,478614,5075112,52.78
NV,m,1965-1969,20-24,0.00277,0.01375,2.59,95104,1308,472372,4596498,48.33
NV,m,1965-1969,25-29,0.00227,0.01130,2.43,93797,1060,466259,4124126,43.97
NV,m,1965-1969,30-34,0.00276,0.01370,2.52,92737,1271,460534,3657867,39.44
NV,m,1965-1969,35-39,0.00353,0.01749,2.54,91466,1600,453394,3197333,34.96
NV,m,1965-1969,40-44,0.00612,0.03015,2.68,89866,2709,443056,2743939,30.53
NV,m,1965-1969,45-49,0.00850,0.04167,2.66,87156,3632,427267,2300883,26.40
NV,m,1965-1969,50-54,0.01294,0.06273,2.61,83525,5240,405077,1873617,22.43
NV,m,1965-1969,55-59,0.02043,0.09732,2.58,78285,7619,372993,1468539,18.76
NV,m,1965-1969,60-64,0.03216,0.14920,2.58,70666,10543,327803,1095546,15.50
NV,m,1965-1969,65-69,0.04329,0.19582,2.57,60123,11773,271949,767743,12.77
NV,m,1965-1969,70-74,0.06315,0.27315,2.53,48349,13207,209140,495794,10.25
NV,m,1965-1969,75-79,0.09569,0.38496,2.46,35143,13529,141375,286654,8.16
NV,m,1965-1969,80-84,0.11034,0.43088,2.46,21614,9313,84405,145279,6.72
NV,m,1965-1969,85-89,0.16991,0.58400,2.32,12301,7184,42280,60874,4.95
NV,m,1965-1969,90-94,0.25162,0.73163,2.14,5117,3744,14880,18594,3.63
NV,m,1965-1969,95-99,0.35493,0.84741,1.92,1373,1164,3279,3714,2.70
NV,m,1965-1969,100-104,0.47357,0.92089,1.68,210,193,408,435,2.08
NV,m,1965-1969,105-109,0.59587,0.95997,1.47,17,16,27,28,1.67
NV,m,1965-1969,110+,0.69207,1.00000,1.44,1,1,1,1,1.44
NV,m,1970-1974,0,0.02419,0.02368,0.11,100000,2368,97892,6676557,66.77
NV,m,1970-1974,1-4,0.00112,0.00448,1.6,97632,437,389479,6578665,67.38
NV,m,1970-1974,5-9,0.00042,0.00211,2.7,97195,205,485503,6189186,63.68
NV,m,1970-1974,10-14,0.00056,0.00277,2.91,96990,269,484387,5703683,58.81
NV,m,1970-1974,15-19,0.00242,0.01204,2.83,96721,1164,481073,5219295,53.96
NV,m,1970-1974,20-24,0.00244,0.01210,2.32,95557,1156,474680,4738222,49.59
NV,m,1970-1974,25-29,0.00236,0.01173,2.43,94400,1107,469162,4263542,45.16
NV,m,1970-1974,30-34,0.00251,0.01250,2.56,93293,1166,463624,3794380,40.67
NV,m,1970-1974,35-39,0.00349,0.01730,2.47,92128,1593,456601,3330756,36.15
NV,m,1970-1974,40-44,0.00484,0.02392,2.69,90534,2165,447659,2874155,31.75
NV,m,1970-1974,45-49,0.00816,0.04000,2.62,88369,3535,433415,2426496,27.46
NV,m,1970-1974,50-54,0.01124,0.05478,2.72,84834,4647,413551,1993081,23.49
NV,m,1970-1974,55-59,0.01813,0.08694,2.66,80187,6971,384609,1579530,19.70
NV,m,1970-1974,60-64,0.02655,0.12482,2.61,73215,9139,344238,1194921,16.32
NV,m,1970-1974,65-69,0.03891,0.17783,2.58,64077,11395,292835,850682,13.28
NV,m,1970-1974,70-74,0.06269,0.27094,2.5,52682,14274,227690,557847,10.59
NV,m,1970-1974,75-79,0.08567,0.35254,2.49,38408,13540,158044,330157,8.60
NV,m,1970-1974,80-84,0.10917,0.42658,2.44,24868,10608,97170,172113,6.92
NV,m,1970-1974,85-89,0.15980,0.55979,2.33,14260,7982,49954,74943,5.26
NV,m,1970-1974,90-94,0.22734,0.69231,2.18,6277,4346,19116,24990,3.98
NV,m,1970-1974,95-99,0.31220,0.80523,1.99,1931,1555,4982,5874,3.04
NV,m,1970-1974,100-104,0.41149,0.88680,1.79,376,334,811,892,2.37
NV,m,1970-1974,105-109,0.51867,0.93737,1.59,43,40,77,81,1.91
NV,m,1970-1974,110+,0.60624,1.00000,1.65,3,3,4,4,1.65
NV,m,1975-1979,0,0.01636,0.01612,0.09,100000,1612,98531,6877422,68.77
NV,m,1975-1979,1-4,0.00074,0.00294,1.5,98388,290,392828,6778890,68.90
NV,m,1975-1979,5-9,0.00045,0.00226,2.17,98098,221,489865,6386062,65.10
NV,m,1975-1979,10-14,0.00050,0.00250,2.95,97877,244,488883,5896197,60.24
NV,m,1975-1979,15-19,0.00216,0.01077,2.98,97633,1052,486042,5407313,55.38
NV,m,1975-1979,20-24,0.00248,0.01232,2.49,96581,1190,479918,4921272,50.96
NV,m,1975-1979,25-29,0.00230,0.01144,2.52,95391,1091,474243,4441354,46.56
NV,m,1975-1979,30-34,0.00239,0.01188,2.58,94299,1120,468789,3967111,42.07
NV,m,1975-1979,35-39,0.00305,0.01513,2.6,93179,1409,462515,3498323,37.54
NV,m,1975-1979,40-44,0.00395,0.01956,2.68,91770,1795,454678,3035808,33.08
NV,m,1975-1979,45-49,0.00655,0.03228,2.69,89975,2904,443157,2581130,28.69
NV,m,1975-1979,50-54,0.01037,0.05060,2.61,87071,4406,424836,2137973,24.55
NV,m,1975-1979,55-59,0.01524,0.07349,2.58,82665,6075,398634,1713137,20.72
NV,m,1975-1979,60-64,0.02368,0.11198,2.58,76590,8576,362190,1314503,17.16
NV,m,1975-1979,65-69,0.03393,0.15695,2.62,68013,10675,314618,952312,14.00
NV,m,1975-1979,70-74,0.05330,0.23617,2.59,57339,13542,254053,637694,11.12
NV,m,1975-1979,75-79,0.07728,0.32328,2.47,43797,14159,183226,383641,8.76
NV,m,1975-1979,80-84,0.11031,0.43055,2.45,29638,12761,115684,200415,6.76
NV,m,1975-1979,85-89,0.16748,0.57823,2.32,16877,9759,58268,84732,5.02
NV,m,1975-1979,90-94,0.24531,0.72181,2.15,7118,5138,20946,26464,3.72
NV,m,1975-1979,95-99,0.34355,0.83706,1.94,1980,1658,4825,5518,2.79
NV,m,1975-1979,100-104,0.45702,0.91289,1.71,323,295,645,693,2.15
NV,m,1975-1979,105-109,0.57557,0.95494,1.5,28,27,47,49,1.73
NV,m,1975-1979,110+,0.67000,1.00000,1.49,1,1,2,2,1.49
NV,m,1980-1984,0,0.01271,0.01256,0.08,100000,1256,98843,7015575,70.16
NV,m,1980-1984,1-4,0.00066,0.00263,1.73,98744,259,394387,6916732,70.05
NV,m,1980-1984,5-9,0.00032,0.00159,2.57,98485,156,492044,6522346,66.23
NV,m,1980-1984,10-14,0.00044,0.00220,2.48,98328,216,491097,6030302,61.33
NV,m,1980-1984,15-19,0.00162,0.00806,2.92,98112,791,488917,5539205,56.46
NV,m,1980-1984,20-24,0.00247,0.01226,2.51,97321,1193,483628,5050288,51.89
NV,m,1980-1984,25-29,0.00209,0.01041,2.49,96128,1001,478123,4566661,47.51
NV,m,1980-1984,30-34,0.00241,0.01199,2.64,95127,1140,472942,4088538,42.98
NV,m,1980-1984,35-39,0.00257,0.01278,2.61,93987,1201,467068,3615595,38.47
NV,m,1980-1984,40-44,0.00353,0.01749,2.57,92786,1623,459992,3148527,33.93
NV,m,1980-1984,45-49,0.00617,0.03040,2.61,91163,2771,449180,2688535,29.49
NV,m,1980-1984,50-54,0.00912,0.04465,2.67,88392,3947,432779,2239355,25.33
NV,m,1980-1984,55-59,0.01475,0.07127,2.65,84445,6018,408053,1806576,21.39
NV,m,1980-1984,60-64,0.02056,0.09805,2.63,78427,7690,373924,1398523,17.83
NV,m,1980-1984,65-69,0.03171,0.14735,2.6,70737,10423,328664,1024599,14.48
NV,m,1980-1984,70-74,0.04945,0.22093,2.59,60314,13325,269449,695934,11.54
NV,m,1980-1984,75-79,0.07440,0.31382,2.51,46988,14746,198203,426485,9.08
NV,m,1980-1984,80-84,0.10531,0.41505,2.45,32243,13382,127079,228282,7.08
NV,m,1980-1984,85-89,0.15518,0.54907,2.34,18860,10356,66735,101202,5.37
NV,m,1980-1984,90-94,0.22221,0.68391,2.19,8505,5816,26175,34467,4.05
NV,m,1980-1984,95-99,0.30703,0.79985,2.01,2688,2150,7003,8292,3.08
NV,m,1980-1984,100-104,0.40688,0.88403,1.8,538,476,1169,1289,2.40
NV,m,1980-1984,105-109,0.51516,0.93624,1.6,62,58,113,120,1.92
NV,m,1980-1984,110+,0.60381,1.00000,1.66,4,4,7,7,1.66
NV,m,1985-1989,0,0.00971,0.00962,0.07,100000,962,99106,7098423,70.98
NV,m,1985-1989,1-4,0.00055,0.00218,1.6,99038,216,395633,6999317,70.67
NV,m,1985-1989,5-9,0.00027,0.00134,2.23,98822,132,493743,6603684,66.82
NV,m,1985-1989,10-14,0.00039,0.00194,2.86,98690,191,493038,6109941,61.91
NV,m,1985-1989,15-19,0.00131,0.00653,2.88,98498,643,491127,5616903,57.03
NV,m,1985-1989,20-24,0.00186,0.00926,2.56,97855,906,487067,5125776,52.38
NV,m,1985-1989,25-29,0.00185,0.00920,2.43,96949,892,482457,4638709,47.85
NV,m,1985-1989,30-34,0.00207,0.01030,2.58,96057,989,477892,4156252,43.27
NV,m,1985-1989,35-39,0.00284,0.01412,2.51,95068,1343,471990,3678360,38.69
NV,m,1985-1989,40-44,0.00349,0.01730,2.62,93725,1621,464760,3206370,34.21
NV,m,1985-1989,45-49,0.00529,0.02612,2.62,92104,2406,454782,2741610,29.77
NV,m,1985-1989,50-54,0.00860,0.04216,2.73,89698,3781,439886,2286828,25.49
NV,m,1985-1989,55-59,0.01375,0.06661,2.68,85916,5723,416319,1846942,21.50
NV,m,1985-1989,60-64,0.02206,0.10482,2.64,80194,8406,381120,1430624,17.84
NV,m,1985-1989,65-69,0.03061,0.14260,2.6,71788,10237,334390,1049503,14.62
NV,m,1985-1989,70-74,0.04884,0.21823,2.57,61551,13432,275047,715113,11.62
NV,m,1985-1989,75-79,0.07251,0.30710,2.51,48119,14777,203782,440065,9.15
NV,m,1985-1989,80-84,0.10380,0.41075,2.46,33342,13695,131940,236283,7.09
NV,m,1985-1989,85-89,0.15612,0.55177,2.34,19647,10840,69439,104343,5.31
NV,m,1985-1989,90-94,0.22742,0.69323,2.18,8806,6105,26843,34905,3.96
NV,m,1985-1989,95-99,0.31825,0.81236,1.99,2701,2195,6896,8061,2.98
NV,m,1985-1989,100-104,0.42497,0.89558,1.77,507,454,1068,1166,2.30
NV,m,1985-1989,105-109,0.53941,0.94463,1.56,53,50,93,97,1.84
NV,m,1985-1989,110+,0.63227,1.00000,1.58,3,3,5,5,1.58
NV,m,1990-1994,0,0.00910,0.00902,0.07,100000,902,99160,7148633,71.49
NV,m,1990-1994,1-4,0.00060,0.00239,1.57,99098,237,395814,7049473,71.14
NV,m,1990-1994,5-9,0.00025,0.00127,2.56,98861,125,493997,6653659,67.30
NV,m,1990-1994,10-14,0.00033,0.00163,2.86,98735,161,493329,6159663,62.39
NV,m,1990-1994,15-19,0.00143,0.00711,2.9,98574,701,491396,5666334,57.48
NV,m,1990-1994,20-24,0.00190,0.00946,2.41,97873,926,486970,5174938,52.87
NV,m,1990-1994,25-29,0.00184,0.00914,2.48,96947,886,482501,4687968,48.36
NV,m,1990-1994,30-34,0.00241,0.01196,2.54,96061,1148,477479,4205467,43.78
NV,m,1990-1994,35-39,0.00305,0.01512,2.66,94912,1436,471195,3727988,39.28
NV,m,1990-1994,40-44,0.00398,0.01971,2.53,93477,1842,462828,3256793,34.84
NV,m,1990-1994,45-49,0.00512,0.02530,2.65,91635,2319,452729,2793966,30.49
NV,m,1990-1994,50-54,0.00834,0.04092,2.69,89316,3655,438157,2341237,26.21
NV,m,1990-1994,55-59,0.01228,0.05968,2.63,85662,5112,416187,1903080,22.22
NV,m,1990-1994,60-64,0.02085,0.09930,2.61,80549,7998,383626,1486894,18.46
NV,m,1990-1994,65-69,0.02818,0.13196,2.6,72551,9574,339754,1103268,15.21
NV,m,1990-1994,70-74,0.04365,0.19755,2.6,62977,12441,285038,763515,12.12
NV,m,1990-1994,75-79,0.06694,0.28736,2.54,50536,14522,216928,478477,9.47
NV,m,1990-1994,80-84,0.09628,0.38810,2.5,36014,13977,145170,261549,7.26
NV,m,1990-1994,85-89,0.15401,0.54813,2.37,22037,12079,78431,116379,5.28
NV,m,1990-1994,90-94,0.23622,0.70928,2.18,9958,7063,29899,37948,3.81
NV,m,1990-1994,95-99,0.34335,0.83832,1.95,2895,2427,7068,8049,2.78
NV,m,1990-1994,100-104,0.46884,0.91947,1.7,468,430,918,980,2.09
NV,m,1990-1994,105-109,0.59909,0.96107,1.47,38,36,60,63,1.66
NV,m,1990-1994,110+,0.70119,1.00000,1.43,1,1,2,2,1.43
NV,m,1995-1999,0,0.00708,0.00704,0.06,100000,704,99341,7253973,72.54
NV,m,1995-1999,1-4,0.00048,0.00194,1.57,99296,192,396718,7154632,72.05
NV,m,1995-1999,5-9,0.00021,0.00106,2.19,99104,105,495225,6757914,68.19
NV,m,1995-1999,10-14,0.00031,0.00154,2.96,98999,153,494684,6262689,63.26
NV,m,1995-1999,15-19,0.00127,0.00635,3.01,98847,628,492986,5768005,58.35
NV,m,1995-1999,20-24,0.00166,0.00828,2.49,98219,813,489055,5275019,53.71
NV,m,1995-1999,25-29,0.00153,0.00764,2.59,97406,744,485235,4785964,49.13
NV,m,1995-1999,30-34,0.00194,0.00964,2.67,96662,931,481136,4300729,44.49
NV,m,1995-1999,35-39,0.00284,0.01408,2.68,95731,1348,475524,3819593,39.90
NV,m,1995-1999,40-44,0.00366,0.01813,2.64,94382,1711,467874,3344069,35.43
NV,m,1995-1999,45-49,0.00529,0.02611,2.65,92671,2420,457680,2876195,31.04
NV,m,1995-1999,50-54,0.00762,0.03744,2.7,90251,3379,443497,2418515,26.80
NV,m,1995-1999,55-59,0.01105,0.05387,2.66,86873,4679,423394,1975018,22.73
NV,m,1995-1999,60-64,0.01811,0.08681,2.63,82193,7135,394071,1551624,18.88
NV,m,1995-1999,65-69,0.02754,0.12924,2.62,75058,9701,352222,1157553,15.42
NV,m,1995-1999,70-74,0.04108,0.18695,2.6,65358,12219,297451,805331,12.32
NV,m,1995-1999,75-79,0.06188,0.26873,2.55,53139,14280,230760,507880,9.56
NV,m,1995-1999,80-84,0.09916,0.39717,2.5,38859,15433,155646,277120,7.13
NV,m,1995-1999,85-89,0.15803,0.55762,2.36,23425,13062,82659,121474,5.19
NV,m,1995-1999,90-94,0.24139,0.71726,2.17,10363,7433,30792,38816,3.75
NV,m,1995-1999,95-99,0.34935,0.84354,1.94,2930,2472,7075,8023,2.74
NV,m,1995-1999,100-104,0.47502,0.92217,1.68,458,423,890,949,2.07
NV,m,1995-1999,105-109,0.60467,0.96225,1.46,36,34,57,59,1.64
NV,m,1995-1999,110+,0.70591,1.00000,1.42,1,1,2,2,1.42
NV,m,2000-2004,0,0.00656,0.00652,0.06,100000,652,99388,7356198,73.56
NV,m,2000-2004,1-4,0.00036,0.00142,1.54,99348,141,397043,7256809,73.04
NV,m,2000-2004,5-9,0.00014,0.00069,2.61,99206,69,495867,6859767,69.15
NV,m,2000-2004,10-14,0.00028,0.00138,3.07,99137,136,495424,6363900,64.19
NV,m,2000-2004,15-19,0.00102,0.00511,3.06,99001,506,494022,5868476,59.28
NV,m,2000-2004,20-24,0.00162,0.00809,2.43,98495,797,490423,5374454,54.57
NV,m,2000-2004,25-29,0.00147,0.00733,2.51,97698,716,486709,4884031,49.99
NV,m,2000-2004,30-34,0.00165,0.00820,2.62,96982,795,483018,4397322,45.34
NV,m,2000-2004,35-39,0.00214,0.01064,2.65,96187,1023,478534,3914304,40.69
NV,m,2000-2004,40-44,0.00345,0.01710,2.64,95163,1628,471976,3435770,36.10
NV,m,2000-2004,45-49,0.00532,0.02629,2.63,93536,2459,461858,2963793,31.69
NV,m,2000-2004,50-54,0.00749,0.03680,2.65,91077,3352,447501,2501936,27.47
NV,m,2000-2004,55-59,0.01070,0.05219,2.64,87725,4579,427810,2054434,23.42
NV,m,2000-2004,60-64,0.01620,0.07798,2.6,83147,6484,400174,1626624,19.56
NV,m,2000-2004,65-69,0.02366,0.11196,2.61,76663,8583,362842,1226450,16.00
NV,m,2000-2004,70-74,0.03708,0.17005,2.56,68080,11577,312178,863607,12.69
NV,m,2000-2004,75-79,0.05741,0.25158,2.54,56503,14215,247593,551429,9.76
NV,m,2000-2004,80-84,0.09692,0.39035,2.51,42288,16507,170313,303836,7.18
NV,m,2000-2004,85-89,0.15736,0.55648,2.37,25781,14347,91169,133523,5.18
NV,m,2000-2004,90-94,0.24407,0.72193,2.17,11434,8255,33822,42354,3.70
NV,m,2000-2004,95-99,0.35704,0.85063,1.92,3180,2705,7575,8533,2.68
NV,m,2000-2004,100-104,0.48825,0.92809,1.66,475,441,903,957,2.02
NV,m,2000-2004,105-109,0.62201,0.96594,1.43,34,33,53,55,1.60
NV,m,2000-2004,110+,0.72498,1.00000,1.38,1,1,2,2,1.38
NV,m,2005-2009,0,0.00660,0.00656,0.06,100000,656,99385,7443447,74.43
NV,m,2005-2009,1-4,0.00040,0.00158,1.5,99344,157,396985,7344062,73.93
NV,m,2005-2009,5-9,0.00013,0.00063,2.23,99187,63,495762,6947077,70.04
NV,m,2005-2009,10-14,0.00022,0.00109,2.92,99124,108,495397,6451314,65.08
NV,m,2005-2009,15-19,0.00101,0.00503,3.08,99016,498,494128,5955918,60.15
NV,m,2005-2009,20-24,0.00162,0.00807,2.53,98519,795,490633,5461790,55.44
NV,m,2005-2009,25-29,0.00154,0.00766,2.51,97724,748,486757,4971157,50.87
NV,m,2005-2009,30-34,0.00160,0.00798,2.55,96975,774,482981,4484400,46.24
NV,m,2005-2009,35-39,0.00218,0.01082,2.74,96202,1041,478660,4001418,41.59
NV,m,2005-2009,40-44,0.00315,0.01563,2.71,95161,1487,472395,3522759,37.02
NV,m,2005-2009,45-49,0.00482,0.02385,2.64,93673,2234,463101,3050364,32.56
NV,m,2005-2009,50-54,0.00747,0.03670,2.67,91439,3356,449393,2587263,28.29
NV,m,2005-2009,55-59,0.01035,0.05052,2.61,88083,4450,429766,2137870,24.27
NV,m,2005-2009,60-64,0.01460,0.07049,2.58,83634,5896,403927,1708104,20.42
NV,m,2005-2009,65-69,0.02119,0.10085,2.61,77738,7840,369916,1304177,16.78
NV,m,2005-2009,70-74,0.03215,0.14933,2.62,69898,10438,324617,934261,13.37
NV,m,2005-2009,75-79,0.05098,0.22679,2.57,59460,13485,264501,609644,10.25
NV,m,2005-2009,80-84,0.08952,0.36659,2.53,45976,16854,188273,345143,7.51
NV,m,2005-2009,85-89,0.14820,0.53468,2.4,29121,15571,105065,156870,5.39
NV,m,2005-2009,90-94,0.23414,0.70695,2.2,13551,9580,40915,51804,3.82
NV,m,2005-2009,95-99,0.34812,0.84351,1.94,3971,3350,9622,10889,2.74
NV,m,2005-2009,100-104,0.48224,0.92595,1.67,621,575,1193,1267,2.04
NV,m,2005-2009,105-109,0.61991,0.96570,1.44,46,44,72,74,1.61
NV,m,2005-2009,110+,0.72594,1.00000,1.38,2,2,2,2,1.38
NV,m,2010-2014,0,0.00580,0.00577,0.06,100000,577,99458,7565225,75.65
NV,m,2010-2014,1-4,0.00032,0.00128,1.54,99423,127,397381,7465766,75.09
NV,m,2010-2014,5-9,0.00015,0.00074,2.6,99297,74,496305,7068385,71.18
NV,m,2010-2014,10-14,0.00016,0.00080,2.9,99223,79,495947,6572080,66.24
NV,m,2010-2014,15-19,0.00076,0.00378,3.04,99143,375,494980,6076133,61.29
NV,m,2010-2014,20-24,0.00132,0.00657,2.55,98768,649,492251,5581153,56.51
NV,m,2010-2014,25-29,0.00141,0.00703,2.52,98119,690,488882,5088902,51.86
NV,m,2010-2014,30-34,0.00151,0.00752,2.5,97429,733,485311,4600020,47.21
NV,m,2010-2014,35-39,0.00186,0.00925,2.55,96696,894,481292,4114709,42.55
NV,m,2010-2014,40-44,0.00270,0.01340,2.68,95802,1283,476031,3633417,37.93
NV,m,2010-2014,45-49,0.00432,0.02138,2.67,94518,2021,467888,3157386,33.41
NV,m,2010-2014,50-54,0.00665,0.03273,2.65,92498,3028,455374,2689499,29.08
NV,m,2010-2014,55-59,0.01025,0.05003,2.63,89470,4476,436735,2234125,24.97
NV,m,2010-2014,60-64,0.01424,0.06883,2.59,84994,5850,410889,1797389,21.15
NV,m,2010-2014,65-69,0.01993,0.09511,2.6,79143,7527,377663,1386501,17.52
NV,m,2010-2014,70-74,0.02933,0.13711,2.63,71616,9820,334807,1008838,14.09
NV,m,2010-2014,75-79,0.04578,0.20635,2.61,61796,12752,278543,674031,10.91
NV,m,2010-2014,80-84,0.07804,0.32798,2.57,49045,16086,206112,395489,8.06
NV,m,2010-2014,85-89,0.13371,0.49806,2.44,32959,16415,122766,189377,5.75
NV,m,2010-2014,90-94,0.21827,0.68133,2.24,16543,11272,51641,66611,4.03
NV,m,2010-2014,95-99,0.33394,0.83152,1.98,5272,4384,13127,14969,2.84
NV,m,2010-2014,100-104,0.47316,0.92266,1.69,888,819,1732,1843,2.07
NV,m,2010-2014,105-109,0.61770,0.96557,1.44,69,66,107,111,1.61
NV,m,2010-2014,110+,0.72897,1.00000,1.37,2,2,3,3,1.37
NV,m,2015-2019,0,0.00624,0.00620,0.06,100000,620,99418,7564996,75.65
NV,m,2015-2019,1-4,0.00034,0.00136,1.59,99380,135,397195,7465578,75.12
NV,m,2015-2019,5-9,0.00016,0.00079,2.6,99245,78,496038,7068383,71.22
NV,m,2015-2019,10-14,0.00017,0.00084,3.21,99167,83,495686,6572345,66.28
NV,m,2015-2019,15-19,0.00078,0.00392,3.12,99084,388,494689,6076660,61.33
NV,m,2015-2019,20-24,0.00142,0.00705,2.54,98696,696,491769,5581970,56.56
NV,m,2015-2019,25-29,0.00147,0.00732,2.51,98000,718,488214,5090201,51.94
NV,m,2015-2019,30-34,0.00176,0.00877,2.67,97282,853,484428,4601987,47.31
NV,m,2015-2019,35-39,0.00216,0.01076,2.64,96429,1038,479700,4117559,42.70
NV,m,2015-2019,40-44,0.00282,0.01403,2.64,95392,1338,473798,3637859,38.14
NV,m,2015-2019,45-49,0.00414,0.02051,2.68,94054,1929,465791,3164062,33.64
NV,m,2015-2019,50-54,0.00649,0.03195,2.67,92124,2944,453767,2698270,29.29
NV,m,2015-2019,55-59,0.00962,0.04703,2.62,89181,4195,435926,2244503,25.17
NV,m,2015-2019,60-64,0.01483,0.07162,2.63,84986,6087,410498,1808577,21.28
NV,m,2015-2019,65-69,0.02006,0.09570,2.61,78900,7550,376455,1398079,17.72
NV,m,2015-2019,70-74,0.02912,0.13608,2.6,71349,9709,333456,1021624,14.32
NV,m,2015-2019,75-79,0.04436,0.20018,2.56,61640,12339,278137,688168,11.16
NV,m,2015-2019,80-84,0.07330,0.31136,2.58,49301,15351,209431,410030,8.32
NV,m,2015-2019,85-89,0.12764,0.48188,2.46,33951,16360,128177,200599,5.91
NV,m,2015-2019,90-94,0.21159,0.66993,2.26,17590,11784,55694,72422,4.12
NV,m,2015-2019,95-99,0.32811,0.82637,2,5806,4798,14623,16728,2.88
NV,m,2015-2019,100-104,0.46978,0.92147,1.7,1008,929,1977,2105,2.09
NV,m,2015-2019,105-109,0.61756,0.96568,1.44,79,76,124,128,1.61
NV,m,2015-2019,110+,0.73122,1.00000,1.37,3,3,4,4,1.37
NV,m,2020-2022,0,0.00515,0.00512,0.06,100000,512,99518,7362451,73.62
NV,m,2020-2022,1-4,0.00030,0.00119,1.55,99488,118,397660,7262934,73.00
NV,m,2020-2022,5-9,0.00015,0.00075,2.35,99369,74,496649,6865274,69.09
NV,m,2020-2022,10-14,0.00021,0.00106,3.11,99295,106,496276,6368625,64.14
NV,m,2020-2022,15-19,0.00091,0.00456,2.97,99189,452,495029,5872349,59.20
NV,m,2020-2022,20-24,0.00186,0.00926,2.6,98737,915,491494,5377320,54.46
NV,m,2020-2022,25-29,0.00201,0.01002,2.51,97823,980,486677,4885825,49.95
NV,m,2020-2022,30-34,0.00244,0.01213,2.51,96843,1175,481288,4399148,45.43
NV,m,2020-2022,35-39,0.00292,0.01449,2.55,95668,1386,474949,3917861,40.95
NV,m,2020-2022,40-44,0.00391,0.01938,2.57,94281,1827,466968,3442912,36.52
NV,m,2020-2022,45-49,0.00556,0.02744,2.64,92454,2537,456292,2975943,32.19
NV,m,2020-2022,50-54,0.00750,0.03686,2.63,89917,3315,441737,2519652,28.02
NV,m,2020-2022,55-59,0.01148,0.05590,2.63,86602,4841,421551,2077914,23.99
NV,m,2020-2022,60-64,0.01627,0.07834,2.63,81761,6405,393635,1656363,20.26
NV,m,2020-2022,65-69,0.02447,0.11546,2.55,75356,8700,355504,1262728,16.76
NV,m,2020-2022,70-74,0.03372,0.15582,2.56,66655,10386,307982,907224,13.61
NV,m,2020-2022,75-79,0.05043,0.22467,2.58,56269,12642,250694,599242,10.65
NV,m,2020-2022,80-84,0.08022,0.33535,2.56,43627,14630,182390,348548,7.99
NV,m,2020-2022,85-89,0.13509,0.50139,2.43,28997,14539,107623,166158,5.73
NV,m,2020-2022,90-94,0.21734,0.67924,2.24,14458,9820,45185,58535,4.05
NV,m,2020-2022,95-99,0.32904,0.82635,1.99,4637,3832,11647,13350,2.88
NV,m,2020-2022,100-104,0.46349,0.91799,1.71,805,739,1595,1704,2.12
NV,m,2020-2022,105-109,0.60432,0.96270,1.46,66,64,105,109,1.65
NV,m,2020-2022,110+,0.71405,1.00000,1.4,2,2,3,3,1.40
